           6
           1
  0.83454574083928112     
  0.10870237364548248     
  0.10508964122897838     
  0.43279010665791506     
   3.7079484780638702E-002
   1.9999997407404730     
  -2.3620256926720356E-002
   1.8890996756680025     
   8.2347843201590387E-002
   8.3883453279104021     
   2.6508888681708731     
   1.0000000000000000     
  -4.3905691397683903E-002
 -0.82257607395536558     
 -0.15736382025792792     
   4.8167221323760439     
   3.3518679225596686     
   1.0000000000000000     
   3.3075991920338922E-002
  -1.3521138439392872     
   3.6259412148715295     
   2.5465397000645851     
   4.4216740807908153     
   1.0000000000000000     
  -2.4152857196631211E-002
 -0.13681555443922164     
   8.5024751900381155     
  -5.6888689907961067E-002
   5.0719872894928955     
   1.0000000000000000     
  -1.0896360498042639E-002
 -0.92060551050463102     
  -3.5468310765128717     
  -5.5085479562013751     
  -1.2127290619816216     
   1.0000000000000000     
   3.7060567776419660E-002
  0.89812527662509123     
   3.9693410835625751     
   4.2927081351865501     
   3.7964382905815728     
   1.0000000000000000     
  -7.9011992845612333E-003
 -0.54092171582571724     
  -2.7067727658942498E-002
  -1.9509410916631693     
 -0.56343244679914517     
   0.0000000000000000     
   0.0000000000000000     
   0.0000000000000000     
   0.0000000000000000     
  0.73184917593685062     
  0.29999999999999999     
   5.0000000000000003E-002
   1.0000000000000000     
  -9.7350724709748919E-003
 -0.52446763521345874     
