           3
           0
  0.25547070865574262     
   1.5372233750077346     
  0.13048222508603419     
  -7.4198130000341062E-002
   1.1290452296536519     
   1.0000000000000000     
   7.7996254282536148E-002
  0.90716137609408143     
   1.0000000000000000     
  -6.9092101369710168E-002
 -0.93114613235214716     
   1.0000000000000000     
  -3.2449052704785807E-003
  -9.1671440442089469E-002
 -0.83429088926634143     
   0.0000000000000000     
   0.0000000000000000     
   0.0000000000000000     
  0.84999999999999998     
  0.15609100000000001     
   1.0000000000000000     
  -8.7547187470733614E-003
 -0.23264998908145254     
