           3
           0
   8.0346848564015916E-002
  0.32413984125941581     
   1.1181021894604155     
  -9.7318617984506112E-002
 -0.85321226014907126     
   1.0000000000000000     
 -0.13138323704607283     
   1.7123872721321463     
   1.0000000000000000     
  0.12934876843986579     
   1.2525524500859608     
   1.0000000000000000     
  -2.9966354975999913E-002
  -6.4330322846066768E-002
  -1.1966444977801953     
   0.0000000000000000     
   0.0000000000000000     
   0.0000000000000000     
  0.10000000000000001     
   5.0000000000000003E-002
   1.0000000000000000     
  -1.8975859218362093E-002
 -0.83135817962246394     
