           3
           0
  0.30285506396137707     
   1.1312027192182430     
   7.1479723359235331E-002
 -0.13801534951440159     
   2.0014087211101561     
   1.0000000000000000     
  0.13974657306526916     
   1.5010876695836048     
   1.0000000000000000     
 -0.11581896291506906     
 -0.91928810900203262     
   1.0000000000000000     
  -6.4676148447029541E-002
  -2.0287415605943049E-002
  -1.4573542514432001     
   0.0000000000000000     
   0.0000000000000000     
   0.0000000000000000     
  0.20000000000000001     
   5.0000000000000003E-002
   1.0000000000000000     
  -1.3882361216355861E-002
 -0.67187145182142782     
