           3
           0
 -0.39485161405805602     
  -1.5935292956404306     
  -9.6041348915809122E-002
  -8.6814507213274619E-002
   1.4997943086441734     
   1.0000000000000000     
   8.7312268410591101E-002
   1.1520932931194503     
   1.0000000000000000     
  -7.1259980044186544E-002
 -0.83200953665711763     
   1.0000000000000000     
  -1.2952216040145636E-002
  -5.8416927362847093E-002
  -1.1085064267163749     
   0.0000000000000000     
   0.0000000000000000     
   0.0000000000000000     
  0.29999999999999999     
   5.0000000000000003E-002
   1.0000000000000000     
  -9.7217156500205380E-003
 -0.52441824818874483     
