           3
           0
  0.10923587136522067     
  0.36778090373018313     
   1.4651245843938501     
  -1.0650547513793247E-002
 -0.46966477119028638     
   1.0000000000000000     
  -1.8085829798183031E-002
  0.49618812224856101     
   1.0000000000000000     
   1.7200225341889620E-002
  0.39488082305736538     
   1.0000000000000000     
  -3.7638633886023044E-002
  -6.9888352085678840E-003
 -0.36026865372871997     
   0.0000000000000000     
   0.0000000000000000     
   0.0000000000000000     
  0.40000000000000002     
   5.0000000000000003E-002
   1.0000000000000000     
  -6.4802951771303335E-003
 -0.39211409262941627     
