           3
           0
  -1.3932310253296760     
 -0.29596241581103228     
  -8.8421196388826548E-002
   1.4899023878567005E-002
  0.41030617836815908     
   1.0000000000000000     
  -1.5440224657009801E-002
  0.49808805953776553     
   1.0000000000000000     
  -1.0616500739614693E-002
 -0.47024418826899178     
   1.0000000000000000     
  -3.9637929227914403E-003
  -3.3346825608531333E-002
 -0.38101429891800909     
   0.0000000000000000     
   0.0000000000000000     
   0.0000000000000000     
  0.50000000000000000     
   5.0000000000000003E-002
   1.0000000000000000     
  -4.0934620221677945E-003
 -0.27886139512709529     
