           3
           0
  -8.8294462433630760E-002
  -1.6636918363007054     
 -0.28281902056697883     
  -1.0991682328781768E-002
 -0.48242465234993520     
   1.0000000000000000     
   1.3429423609282507E-002
  0.43810186126031131     
   1.0000000000000000     
  -1.3706140081616155E-002
  0.51448256945698978     
   1.0000000000000000     
  -1.9446208007648904E-003
  -2.9849090499378478E-002
 -0.41222169384702823     
   0.0000000000000000     
   0.0000000000000000     
   0.0000000000000000     
  0.59999999999999998     
   5.0000000000000003E-002
   1.0000000000000000     
  -2.4774681201192145E-003
 -0.18809699239430630     
