           3
           0
  -7.1484487640536234E-002
 -0.21093213563106772     
  -1.7204547757934319     
  -1.6519531605194097E-002
 -0.58137700114244806     
   1.0000000000000000     
  -1.7570323419311137E-002
  0.66811412844723095     
   1.0000000000000000     
   1.7565380886795049E-002
  0.58105148022645536     
   1.0000000000000000     
  -7.5661408566450399E-004
  -3.0895886055110289E-002
 -0.55361323224666059     
   0.0000000000000000     
   0.0000000000000000     
   0.0000000000000000     
  0.69999999999999996     
   5.0000000000000003E-002
   1.0000000000000000     
  -1.4980069449197430E-003
 -0.12226507134511540     
