           4
           0
 -0.81011611622964796     
  -1.8004849597688386     
  -1.3044190809578109     
 -0.18916262719054477     
 -0.13989199543321754     
   1.5453054627054428     
   3.4207090280701045     
   1.0000000000000000     
  0.17880147532543580     
   1.2159296058210869     
   3.2532134031803497     
   1.0000000000000000     
   2.4845665900673664E-002
   2.8696852404538289     
   1.6789956140974147     
   1.0000000000000000     
  -6.9201345133287809E-002
  -1.9377479015267025     
   1.2407569440028097     
   1.0000000000000000     
  -5.0654331481252424E-002
  -1.7448332612817592     
  -2.5217675430942776E-002
 -0.91404766775351076     
   0.0000000000000000     
   0.0000000000000000     
   0.0000000000000000     
   0.0000000000000000     
  0.10000000000000001     
   5.0000000000000003E-002
   1.0000000000000000     
  -1.8976609170401230E-002
 -0.83135962967396437     
