           4
           0
  0.38514757970090291     
  0.22122218121766568     
   5.1951131247722208E-002
   1.3740173948717651     
 -0.12643785161201840     
   4.0292144852614982     
   1.8084906958980220     
   1.0000000000000000     
 -0.15348560576492229     
  0.37648948793235104     
   4.7124623000900518     
   1.0000000000000000     
  -7.1889491972204692E-002
  -2.7099995498014833     
  0.14212915132662188     
   1.0000000000000000     
  0.16564571969574871     
   2.1551655883952905     
   3.1423532962448628     
   1.0000000000000000     
  -1.7305366374161135E-002
  -1.3209809517080022     
  -4.8309386876951521E-002
  -1.6307889984957160     
   0.0000000000000000     
   0.0000000000000000     
   0.0000000000000000     
   0.0000000000000000     
  0.20000000000000001     
   5.0000000000000003E-002
   1.0000000000000000     
  -1.3886126945762682E-002
 -0.67189457095474137     
