           4
           0
  -1.7412436274241554     
 -0.21425273152562910     
  -5.5885528500710928E-002
 -0.49270964753574820     
  0.11837270292585916     
   2.0599100094803542     
   3.8382727752302901     
   1.0000000000000000     
 -0.10654055408237054     
 -0.37759066660408569     
   5.8406241432562602     
   1.0000000000000000     
  -5.0472176245910709E-002
  -2.6148961022252117     
 -0.36743956194224975     
   1.0000000000000000     
  -9.8140732924982071E-002
   3.4526050424492545     
   2.8407466268470967     
   1.0000000000000000     
  -1.0928009281829132E-002
  -3.0354254270795051     
  -4.0965072175015160E-002
 -0.66209160510553189     
   0.0000000000000000     
   0.0000000000000000     
   0.0000000000000000     
   0.0000000000000000     
  0.29999999999999999     
   5.0000000000000003E-002
   1.0000000000000000     
  -9.7299270062437774E-003
 -0.52444819563699197     
