           4
           0
   5.2132074926196530E-002
  0.46186879782803103     
  0.17048010900296168     
   1.8987986945799404     
  -7.7972441376133406E-002
  -3.6948301812126885     
  0.21867097135458846     
   1.0000000000000000     
 -0.12943462381956317     
   4.7330285415254778     
   3.0225422089195568     
   1.0000000000000000     
 -0.14926125986744634     
 -0.50503314239809949     
   6.9722888766310049     
   1.0000000000000000     
  0.15158535489640174     
   3.0747648683929119     
   4.1502227653512040     
   1.0000000000000000     
  -3.8415244403765370E-002
  -1.0082428204375986     
  -6.9520743880937541E-003
  -3.0116126217714241     
   0.0000000000000000     
   0.0000000000000000     
   0.0000000000000000     
   0.0000000000000000     
  0.40000000000000002     
   5.0000000000000003E-002
   1.0000000000000000     
  -6.4837462332796641E-003
 -0.39233743442832464     
