           4
           0
  -1.9341472011311984     
  -4.8640223593821849E-002
 -0.14153530559172023     
 -0.40944377863789433     
  0.10445753385859242     
   2.8424651577967692     
   4.5761205869513208     
   1.0000000000000000     
  -6.2879045724805682E-002
  -3.3553734025008022     
  -9.7181043441570858E-002
   1.0000000000000000     
 -0.10374663886880305     
 -0.87381411481708371     
   7.6366272321688955     
   1.0000000000000000     
  -9.2678530983981156E-002
   4.0981372604624218     
   3.6710969175133688     
   1.0000000000000000     
  -3.8240902695996226E-003
 -0.74351766520885731     
  -3.1333229492573667E-002
  -3.7418090554105099     
   0.0000000000000000     
   0.0000000000000000     
   0.0000000000000000     
   0.0000000000000000     
  0.50000000000000000     
   5.0000000000000003E-002
   1.0000000000000000     
  -4.1026452735224653E-003
 -0.27928221647008600     
