           4
           0
  -3.8884491487279453E-002
  -9.3428416323392979E-002
  -1.7023833135697624     
 -0.28695895169376090     
  -6.2640873874538650E-002
  -3.0462803205841134     
  -1.3935755206221779E-002
   1.0000000000000000     
  -9.0983906958342881E-002
 -0.80263475084523306     
   6.6244476811706825     
   1.0000000000000000     
   8.5023687799449632E-002
   2.7538813004435005     
   3.5811122289110218     
   1.0000000000000000     
  -7.4919627870151745E-002
   3.7610477810848093     
   2.8226883690588358     
   1.0000000000000000     
  -2.8297541441359431E-002
  -1.1409422679777941     
  -1.8839030571027315E-003
  -2.3745150558451473     
   0.0000000000000000     
   0.0000000000000000     
   0.0000000000000000     
   0.0000000000000000     
  0.59999999999999998     
   5.0000000000000003E-002
   1.0000000000000000     
  -2.4898281835505891E-003
 -0.18872343112282042     
