           4
           0
  -9.4479760975787141E-002
  -4.1783288805615125E-002
 -0.26041501648292281     
  -1.9874500838633624     
  -3.9858024802216632E-002
  -1.0348436928875608     
   7.2213813058409784     
   1.0000000000000000     
  -3.2678089401853745E-002
  -2.1692537778515715     
 -0.93964946930540127     
   1.0000000000000000     
  -3.6001154926306650E-002
   2.4804214754540608     
   3.9865559346236150     
   1.0000000000000000     
   3.8624156291523583E-002
   1.9175852135969995     
   4.4762522433001566     
   1.0000000000000000     
  -6.5872244112949452E-004
 -0.46583246835898262     
  -1.9996505673607334E-002
  -3.9776558136925129     
   0.0000000000000000     
   0.0000000000000000     
   0.0000000000000000     
   0.0000000000000000     
  0.69999999999999996     
   5.0000000000000003E-002
   1.0000000000000000     
  -1.5255195155632279E-003
 -0.12339522331945359     
