           5
           0
  0.22244851662910212     
  0.10747224716598679     
   3.3121767309409647E-002
  0.99218934363932521     
   5.9050297449779070E-002
  -1.3748096013858582E-002
  0.79736320446667630     
   3.1831583308946318     
   3.5855356915397976     
   1.0000000000000000     
  -1.4609578222766267E-002
 -0.58434409905938900     
   3.8862543416425064     
   3.9999999999781726     
   1.0000000000000000     
   1.5855933911579603E-002
 -0.54319999162311328     
  -1.2152372225256225     
   3.0897804644230886     
   1.0000000000000000     
   1.6072862576949395E-002
  0.62698020816027400     
   3.3122416616022248     
   3.6160662527889054     
   1.0000000000000000     
  -1.5668523928856669E-002
 -0.59175632360326036     
  -3.3328154284592362     
  0.44605340838229535     
   1.0000000000000000     
  -1.6642812199520515E-003
 -0.23154925083079803     
  -1.0426483914941702     
  -2.7597684319024873E-002
  -2.3244784051815435     
   0.0000000000000000     
   0.0000000000000000     
   0.0000000000000000     
   0.0000000000000000     
   0.0000000000000000     
  0.84999999999999998     
  0.15609100000000001     
   1.0000000000000000     
  -8.9722050015059156E-003
 -0.23517952641419387     
