           5
           0
   1.0503577721218103     
   1.2575360329585776     
   1.0077139183998420     
  0.19140284751016601     
   6.2993747757336072E-002
 -0.12661423331405672     
   3.0267237958504896     
   5.4366997891656101     
   4.4327726144767112     
   1.0000000000000000     
  0.19890758485534940     
   1.0020501652427705     
   8.2756269180376609     
   3.4020207145155559     
   1.0000000000000000     
   9.3566009091601010E-002
   4.1228967444130991     
   2.6240499562774673     
   5.4242056189312891     
   1.0000000000000000     
 -0.11011473146327430     
  -3.1913927824745327     
   8.9999999584573533     
   3.1914482252673699     
   1.0000000000000000     
  -4.8777752659935850E-002
  -1.5998929950423548     
  -8.5206679745483118     
   2.1027952092764424     
   1.0000000000000000     
 -0.70967607430009694     
  -4.4433890092989481E-002
  -2.0951754728305092     
  -2.0244653036426974E-002
  -1.4282075107686056     
   0.0000000000000000     
   0.0000000000000000     
   0.0000000000000000     
   0.0000000000000000     
   0.0000000000000000     
  0.10000000000000001     
   5.0000000000000003E-002
   1.0000000000000000     
  -1.8976890420212153E-002
 -0.83135751426855042     
