           5
           0
   8.4123199661283718E-002
  0.99839485268896389     
  0.16935495550473925     
   1.7259584329805806     
  0.19376413591840555     
  -2.4930134495564804E-002
 -0.98041259367140898     
  -4.5506718688222714     
   2.1182842265034805     
   1.0000000000000000     
  -3.8003265291671764E-002
   1.7029631499617539     
   3.4030088086379253     
   4.0107078720280525     
   1.0000000000000000     
   6.7715155187299952E-002
  -1.3713002960545833     
   8.0183031325631067     
   2.4219228248851916     
   1.0000000000000000     
   5.8778530863254831E-002
   1.2177324076200917     
   4.0419792069925489     
   3.7119854874325542     
   1.0000000000000000     
  -6.1789853261924897E-002
  -1.0095096268284030     
   6.5061992428274316     
   3.0427097224987065     
   1.0000000000000000     
  -1.3019533467499848E-002
 -0.37783243880360984     
  -1.6236968629861919     
  -3.6312099246357588E-002
  -1.6600768406743143     
   0.0000000000000000     
   0.0000000000000000     
   0.0000000000000000     
   0.0000000000000000     
   0.0000000000000000     
  0.20000000000000001     
   5.0000000000000003E-002
   1.0000000000000000     
  -1.3888049520205554E-002
 -0.67189364328522638     
