           5
           1
  0.58578020516134910     
  0.22823173768198524     
  0.57329247776688785     
   1.6099537442712559     
  0.23010486822207341     
 -0.13619637778726390     
  -1.8515686293100384     
   6.8286887920743684     
   4.3491395726421160     
   1.0000000000000000     
  0.29794997437164711     
  -1.8341650965869123     
  -2.5635690216375915     
  0.31271183697505900     
   1.0000000000000000     
 -0.35139464730395881     
   4.8208830967365079     
   2.8281155667015971     
   3.4680484993990266     
   1.0000000000000000     
  0.33416031744350300     
   2.4460426528400370     
   5.0649842038505710     
   3.6184357550931820     
   1.0000000000000000     
 -0.36261732032515503     
  -2.0829705389494642     
  -3.8185704271606813     
 -0.69779307984640571     
   1.0000000000000000     
 -0.16980426414089456     
  -3.6161420040060066E-002
  -1.1585549487892726     
  -1.1344867203176674     
   0.0000000000000000     
   0.0000000000000000     
   0.0000000000000000     
  0.55956791687338225     
  0.59999999999999998     
  0.45080700000000001     
   1.0000000000000000     
 -0.10823602094936619     
 -0.71413516466128191     
