           5
           0
 -0.31326368512481473     
  -6.4370552703578152E-002
  -1.8005811255896900     
  -4.8575530721755834E-002
 -0.64693703271983283     
  -1.6060063952144529E-002
 -0.61741855486042574     
   6.5504639101261546     
   4.0033869593452271     
   1.0000000000000000     
  -3.0516859779472945E-002
 -0.66925204825900031     
  -4.1469579895261237     
   2.9360648739924033     
   1.0000000000000000     
   2.7156586698448067E-002
  0.78432787937529214     
   4.2382629543454806     
   4.4362867724528812     
   1.0000000000000000     
   2.8794441327234035E-002
 -0.99295261493672982     
  -1.5897656264984432     
   3.4617364821571113     
   1.0000000000000000     
  -2.4506749386570107E-002
   1.3439167767613867     
   3.1047112756315820     
   4.7739224236091209     
   1.0000000000000000     
 -0.23550703921777819     
  -2.7359312583940698E-002
 -0.90163354050584665     
  -8.0654580566543732E-003
  -3.3000215233673327     
   0.0000000000000000     
   0.0000000000000000     
   0.0000000000000000     
   0.0000000000000000     
   0.0000000000000000     
  0.29999999999999999     
   5.0000000000000003E-002
   1.0000000000000000     
  -9.7346367716520821E-003
 -0.52445923834470931     
