           5
           0
 -0.14576497625449866     
 -0.58789206838098107     
 -0.28327686278272801     
  -1.8745361403065406     
 -0.10870531275342353     
  -4.9495782924394792E-002
  -1.0055855995288052     
  -4.4958897951857963     
  0.43924033833713005     
   1.0000000000000000     
  -3.9664347169604770E-002
   1.4861693431768714     
   4.2867486099420828     
   3.9239461002474663     
   1.0000000000000000     
  -4.1134544177499725E-002
  -1.0340758044363871     
   5.6079876529287827     
   4.5231898144874432     
   1.0000000000000000     
   5.1451310166267160E-002
   1.0993452309246643     
   4.5898783200529119     
   3.9941540088390988     
   1.0000000000000000     
   4.9977044547708009E-002
 -0.95908562180244505     
  -1.5688755279395512     
   3.2309812604704509     
   1.0000000000000000     
  -4.9301710376192152E-002
  -5.5412298243489033E-003
  -1.5494240748903183     
 -0.28717489478811420     
  -2.1182458927277001     
   0.0000000000000000     
   0.0000000000000000     
   0.0000000000000000     
   0.0000000000000000     
   0.0000000000000000     
  0.80000000000000004     
  0.21114600000000000     
   1.0000000000000000     
  -1.9069773738777412E-002
 -0.35372332045381383     
