           5
           0
  0.58678964863868677     
   6.4318807973104408E-002
   4.2061698520886093E-002
  0.26848936562739506     
   1.7515723145662532     
  -1.1740966188250608E-002
  0.85399073698512351     
   3.8986288200717931     
   4.7897169894490039     
   1.0000000000000000     
  -1.3110036402674351E-002
 -0.50612332745069322     
  -4.4428812298050167     
   3.4938741007099323     
   1.0000000000000000     
   1.4362576725014091E-002
 -0.62022955083473663     
  -2.1324743483297577     
   4.5756959649800368     
   1.0000000000000000     
  -7.3358091118723087E-003
 -0.54413515472656115     
   6.3368034085241431     
   4.3946424748402455     
   1.0000000000000000     
   1.2456338910072881E-002
  0.55528426840895406     
   4.5199348259956187     
   4.6489426281566253     
   1.0000000000000000     
 -0.12917379924443911     
  -4.7010803927398648E-003
  -3.4172039617107566     
  -1.9457302694894985E-002
  -1.0987999691438186     
   0.0000000000000000     
   0.0000000000000000     
   0.0000000000000000     
   0.0000000000000000     
   0.0000000000000000     
  0.40000000000000002     
   5.0000000000000003E-002
   1.0000000000000000     
  -6.4966427213901477E-003
 -0.39242668879645515     
