           5
           0
  -3.1754478306556325E-002
 -0.95354447164997436     
 -0.10040363200535131     
  -2.1118422651306559E-002
 -0.28731765463741249     
  -1.3029403692200531E-002
 -0.67285446254523351     
  -3.8091927158507177     
   2.4897061695769183     
   1.0000000000000000     
   1.3865696466303432E-002
  0.70812833558573085     
   4.1207968211749959     
   3.8113808834233223     
   1.0000000000000000     
  -1.1508649521441289E-002
 -0.57154937618781665     
   6.4930858510475433     
   3.2098657949884122     
   1.0000000000000000     
   1.6856241229784234E-002
 -0.89632564475901222     
  0.99255383034916489     
   3.6525509388954509     
   1.0000000000000000     
  -1.1845642842400785E-002
   1.0085995987431982     
   3.4597874083565809     
   4.0450657255086906     
   1.0000000000000000     
  -1.6288337057685285     
  -2.7874792540236726E-003
 -0.20421775278842488     
  -1.6873759543112654E-002
  -1.9871135682772989     
   0.0000000000000000     
   0.0000000000000000     
   0.0000000000000000     
   0.0000000000000000     
   0.0000000000000000     
  0.50000000000000000     
   5.0000000000000003E-002
   1.0000000000000000     
  -4.1219961196477060E-003
 -0.27962811015673533     
