           5
           0
  0.17575653177654962     
   1.3075609830018979E-002
   2.1768539400363107E-002
  0.73123978022182601     
   5.8523593066227765E-002
  -8.8931854208698525E-003
  0.94224469325009996     
   3.2835554537663088     
   3.8639800799794477     
   1.0000000000000000     
   1.1571520293975906E-002
 -0.84408217183740319     
   1.5350951692809776     
   3.4604824540281238     
   1.0000000000000000     
  -9.5338156671890273E-003
 -0.69293331489171828     
  -3.4000808996337444     
   2.1799033567642954     
   1.0000000000000000     
   1.0154517751007166E-002
  0.70658958552137230     
   3.8095834012272074     
   3.6557168604885266     
   1.0000000000000000     
  -9.6922590114153825E-003
 -0.53772571470732411     
   6.1972771011935528     
   2.9534292791341108     
   1.0000000000000000     
  -1.5728185468318066     
  -1.3249124530498313E-003
 -0.22998005748121533     
  -1.3182134101023646E-002
  -1.8592098532060133     
   0.0000000000000000     
   0.0000000000000000     
   0.0000000000000000     
   0.0000000000000000     
   0.0000000000000000     
  0.59999999999999998     
   5.0000000000000003E-002
   1.0000000000000000     
  -2.5202761470901418E-003
 -0.18965295236442728     
