           5
           0
 -0.25192158639703527     
 -0.42681438344279804     
  -1.0509887689180085E-002
  0.22945751954969276     
  -5.7948131621639309E-002
  -4.9131217738782998E-002
 -0.56597105662414626     
   8.0547652330532262     
   5.3808427928586360     
   1.0000000000000000     
   4.4710590059042009E-002
   2.4751073345691230     
   5.6719003868393996     
   4.1106636345106100     
   1.0000000000000000     
  -3.8536801866029841E-002
  -2.5710593667126069     
  -2.7546298809740275     
   2.1185235671153508     
   1.0000000000000000     
  -4.9553280725555662E-002
 -0.48058600002226176     
   7.5907270145300583     
   5.7459939010257761     
   1.0000000000000000     
  -4.0748957837380535E-002
   3.4290673248102617     
   3.7798591134560406     
   4.9118255111978630     
   1.0000000000000000     
  -1.3384461719516960     
  -6.2963899278256630E-004
  -1.7558270462237688     
  -1.7598433116268075E-002
  -1.0300581808809017     
   0.0000000000000000     
   0.0000000000000000     
   0.0000000000000000     
   0.0000000000000000     
   0.0000000000000000     
  0.69999999999999996     
   5.0000000000000003E-002
   1.0000000000000000     
  -1.5316225214977164E-003
 -0.12356703524467770     
