           6
           1
  0.31976843285152484     
   6.5577221851372894E-002
  0.13100940029139074     
  0.21257702468400327     
   7.9099496649173401E-002
   1.7960253385485032     
  -1.4750776054426205E-002
   1.2261735435287888     
   1.4280026428157973     
   6.8494226147237178     
   2.9748289457228658     
   1.0000000000000000     
   1.5175561409890870E-002
 -0.53211379046025609     
  -1.7295532321592937     
   2.6145693903143181     
   2.3397694771424682     
   1.0000000000000000     
  -1.6879380123434148E-002
 -0.67889998187748646     
 -0.29763584875722382     
   5.0875093994947651     
   4.0268582971873679     
   1.0000000000000000     
  -1.2021876396887649E-002
 -0.33390365971894026     
   7.2106589921179154     
   1.2062218622850833     
   4.6568856199788193     
   1.0000000000000000     
  -1.4089971966627420E-002
 -0.74180204378508108     
  -2.9206538173545225     
  -3.9473322054505746     
  -1.3721247202057669     
   1.0000000000000000     
   1.5799708109831410E-002
  0.72299413167735627     
   3.3052149463958003     
   4.9116978816793919     
   3.5630469487501744     
   1.0000000000000000     
  -1.3749943286626154E-003
 -0.98023648171752731     
  -2.2436381513203429E-002
 -0.47708303336754709     
  -1.0310442130874484     
   0.0000000000000000     
   0.0000000000000000     
   0.0000000000000000     
   0.0000000000000000     
  0.64567541530050454     
  0.90000000000000002     
  0.17999999999999999     
   1.0000000000000000     
  -1.0438991757780606E-002
 -0.23863726311292813     
