           6
           0
  0.11106021613465426     
   1.7244770651214067     
   6.5594438898553514E-002
  0.18019245471222128     
  0.41880454036400788     
   3.0555000292992126E-002
  -2.7011064446409199E-002
  -1.2126179717132339     
  -4.1563977651176751     
  -1.1747082399375661     
   1.4660753092617123     
   1.0000000000000000     
   2.8979330773534661E-002
   1.2242589213813797     
   4.8303426038232988     
   6.6254941870516619     
   4.3913589612879136     
   1.0000000000000000     
   2.5632571424090363E-002
  -1.5942973059193215     
   7.7410066134695015     
   5.0509186664000252     
   5.0071411787670277     
   1.0000000000000000     
  -3.0260582402334833E-002
 -0.92811011339826166     
   7.4117508355205519     
   4.7080012523125490     
   5.4418106189201216     
   1.0000000000000000     
  -2.4440907391773195E-002
   1.6708347647253043     
   3.6752247707432049     
   7.8895170599922420     
   3.8638904026569989     
   1.0000000000000000     
   2.8364533666063962E-002
 -0.81523208164745797     
  -2.3961075562421041     
  -7.8085791088819771     
   4.2886243196957263     
   1.0000000000000000     
  -1.4847640280961638E-003
 -0.88400101942669917     
 -0.89563120395717333     
 -0.90507822174466657     
  -2.4260226025057730E-002
  -1.6076125034375217     
   0.0000000000000000     
   0.0000000000000000     
   0.0000000000000000     
   0.0000000000000000     
   0.0000000000000000     
   0.0000000000000000     
  0.84999999999999998     
  0.15609100000000001     
   1.0000000000000000     
  -8.9864754870776116E-003
 -0.23564012861505318     
