           6
           1
   3.7118265097223081E-002
   1.3246456846644137     
   5.8066703313150975E-002
   8.4399736932631031E-002
  0.15513600950889256     
   1.7856813162915722E-002
  -7.0552667214121012E-003
 -0.66354984030509578     
  -2.7930498101826586     
  -3.9463288032723676     
 -0.42613709796401350     
   1.0000000000000000     
   7.1962446086758459E-003
  0.66963551717620617     
   3.1559502460055664     
   5.2657090254893566     
   3.9064848083633104     
   1.0000000000000000     
  -7.1872805292182143E-003
 -0.66486501809633380     
  0.25594160620454104     
   5.9475177279243825     
   4.4557697111297019     
   1.0000000000000000     
  -7.2752863357900517E-003
 -0.29401720897027178     
   7.8995263867264516     
 -0.43100197132605123     
   5.5820730537324215     
   1.0000000000000000     
  -6.5556661293858301E-003
  0.98401647959071648     
   1.6606239069820177     
   7.1627059861403000     
   3.3219551094864017     
   1.0000000000000000     
   6.9942987283403120E-003
 -0.56162483615558645     
  -1.0037915249210267     
   2.8498400453344916     
   2.7648965901131803     
   1.0000000000000000     
  -1.6009364283386951E-004
 -0.73597383149772988     
  -1.1287314104700408E-002
  -1.7179579103602154     
 -0.71447097534878468     
   0.0000000000000000     
   0.0000000000000000     
   0.0000000000000000     
   0.0000000000000000     
   5.8451999526573206E-002
  0.90000000000000002     
  0.10263300000000000     
   1.0000000000000000     
  -3.3027944157608927E-003
 -0.13083019040250093     
