           6
           1
 -0.83177575058019226     
 -0.12907404068780928     
  -9.5287801127047211E-002
  -1.7794301818340643     
 -0.42911289716820189     
 -0.93112693640100863     
 -0.13568618326443016     
   3.3022185132940383     
   6.7910390442348003     
   7.4659518081042107     
   3.0481869320581203     
   1.0000000000000000     
 -0.21356656689067535     
  -2.4908832931068421     
   9.3464549345457328     
  -1.0514338659682612     
   6.3319150141531395     
   1.0000000000000000     
  -1.1622881737450659E-002
  -2.3135794708161663     
  -7.9792383814833601     
   3.5886616885821869     
 -0.87827507678666961     
   1.0000000000000000     
  0.18276720371609076     
   1.8632110154976265     
   8.9183703178652216     
   4.7520291832398422     
   4.2280022701095925     
   1.0000000000000000     
   3.3257804780875019E-002
  -1.8663826834993631     
   14.938046436305427     
  -2.6842316545276711E-002
   6.6565060654731942     
   1.0000000000000000     
  -9.0278282195456454E-003
   5.1632674995982359     
  -1.6207388714017767     
   12.588073085833402     
   3.3817520777186925     
   1.0000000000000000     
  -1.7594309502616978E-002
 -0.60672982905944117     
  -4.2152100657850466E-002
  -2.1626309606032477     
 -0.60497335263939722     
   0.0000000000000000     
   0.0000000000000000     
   0.0000000000000000     
   0.0000000000000000     
   1.1482839871135222     
  0.10000000000000001     
   5.0000000000000003E-002
   1.0000000000000000     
  -1.8976979483775722E-002
 -0.83135647871320417     
