           6
           1
  -2.3216538164216309E-002
 -0.17901497595757818     
  -4.4852619684194739E-002
 -0.41069922443335821     
 -0.23776771809066205     
  -1.7041629646066807     
   1.5206216335022225E-002
  -1.1699372241835178     
   1.2153732029914699     
   3.4273839615910404     
   1.7263178920245588     
   1.0000000000000000     
  -1.2150719399817869E-002
 -0.47873923920093214     
   9.2231831280771406     
  -1.2498734734929766     
   4.4265905671702628     
   1.0000000000000000     
  -1.3031122201319877E-002
 -0.87405095319638693     
  -3.2918130148750082     
   3.6465822348442152     
  0.35663839443605949     
   1.0000000000000000     
  -1.3421358188016114E-002
   1.4790106710599975     
   1.8605339858950838     
   6.5521918054700867     
   1.8457742582569450     
   1.0000000000000000     
   1.9714212138202687E-002
   1.0279101175525251     
   3.3007684585662629     
   4.9729200748330813     
   2.3287210643490925     
   1.0000000000000000     
   1.2083430574302693E-002
  0.83683457222776203     
   4.6805421898314936     
   3.3112685204038144     
   2.8859555068267575     
   1.0000000000000000     
  -1.9012111285482969E-003
 -0.24040851650628026     
  -1.2790803799668904E-002
  -1.8265445451537863     
 -0.32937911527963026     
   0.0000000000000000     
   0.0000000000000000     
   0.0000000000000000     
   0.0000000000000000     
   1.3450884439785515     
  0.45000000000000001     
   2.9999999999999999E-002
   1.0000000000000000     
  -2.2739327538808781E-003
 -0.24880398855733574     
