           6
           0
  0.40848603584978116     
   1.7585276744564334E-002
   7.2605348520234383E-002
   1.3586685148553749E-002
   6.2022265526815159E-003
   1.8535910698140907     
  -2.1583874647348907E-003
  0.78439461735648608     
   2.4126038945966446     
   8.2281574990264961     
   3.9845368965282724     
   1.0000000000000000     
  -2.7948018902210318E-003
 -0.62710457252983010     
   2.5471144111180495     
   8.0302509728450033     
   4.3752776369122497     
   1.0000000000000000     
  -3.0150328999541450E-003
  -6.2591037958202811E-002
   8.5957725148068249     
  -1.0194055737610073     
   7.0500388097670807     
   1.0000000000000000     
   2.3402267706296507E-003
 -0.70165763874407205     
   7.7878353216838843     
  0.55403947714455981     
   6.7236566958313926     
   1.0000000000000000     
  -1.5390779469832592E-003
 -0.58243306982061904     
  -3.8303030331466585     
  -2.1330513912292957     
   2.4645735541078100     
   1.0000000000000000     
   2.4475344894649251E-003
  0.60380255191938259     
   3.5805607650589431     
   6.4878120294025239     
   4.5625387115170737     
   1.0000000000000000     
  -5.4971233080827742E-004
 -0.42809393982754462     
  -3.1040152127346232E-003
  -2.1345028405377255     
 -0.43235427884964006     
  -1.5253132912659910     
   0.0000000000000000     
   0.0000000000000000     
   0.0000000000000000     
   0.0000000000000000     
   0.0000000000000000     
   0.0000000000000000     
  0.29999999999999999     
   5.0000000000000001E-003
   1.0000000000000000     
  -4.0213324792986207E-004
 -0.22677478237484885     
