           6
           1
  -7.7814175824323095E-002
 -0.25241702756363077     
  -2.9584170407403364E-002
 -0.51974677881225051     
  -4.7372973270942365E-002
  -1.8826677144614921     
  -1.9662677960750760E-002
 -0.88807365004672612     
   1.9908426008943638     
   5.8092884442877262     
   2.3128565587266094     
   1.0000000000000000     
  -1.2784590551152645E-002
 -0.13737519910964366     
   9.8054014231826159     
  -2.0548635235644186     
   4.4999655727024521     
   1.0000000000000000     
  -1.1425600300213043E-002
 -0.83500352815827583     
  -5.0215071839696312     
 -0.98819010519925088     
  -1.1008739924707911     
   1.0000000000000000     
  -1.3661638765808544E-002
   1.5546274447548940     
   1.6012240891773206     
   7.0221244166948082     
   1.8345374017917455     
   1.0000000000000000     
   1.7551748558005155E-002
  -1.1511832980660370     
   2.8747974992166796     
   3.7164410370407137     
   2.5157846520268956     
   1.0000000000000000     
   1.7201122352462416E-002
  0.86352685733150747     
   4.6945166828013907     
   3.5290171451697105     
   2.8570435139524450     
   1.0000000000000000     
  -2.7723631879617849E-003
 -0.23207475611336242     
  -1.5623993189762597E-002
  -1.8532157038341752     
 -0.33409598983476552     
   0.0000000000000000     
   0.0000000000000000     
   0.0000000000000000     
   0.0000000000000000     
   1.3583299368080097     
  0.45000000000000001     
   4.0000000000000001E-002
   1.0000000000000000     
  -3.6358448128386137E-003
 -0.29439247295333498     
