           6
           1
  -1.5258961202160507E-002
 -0.11701570027704132     
  -2.9383307102788709E-002
 -0.38804624914286240     
 -0.23286253425736661     
  -1.5268740348505465     
   9.4415897410286276E-003
  -1.1634905350369529     
   2.6134264993422582     
   3.6063975666997616     
   2.0867448021005259     
   1.0000000000000000     
  -8.3352915084237318E-003
 -0.51102999089498180     
   10.220545032646319     
  -2.6171715338874875     
   4.9999999441636245     
   1.0000000000000000     
  -8.0914917144517227E-003
 -0.89001486783143213     
  -3.3790997396033782     
   4.4536866013044456     
  0.32969681107427284     
   1.0000000000000000     
  -7.9071598621453503E-003
   1.2921927160867475     
   2.6410910857380863     
   6.1011411275739968     
   2.1047770406587256     
   1.0000000000000000     
   1.0065035455887038E-002
   1.1206904545070251     
   2.9286666914552959     
   5.7739076146171939     
   2.2113500730767179     
   1.0000000000000000     
   8.0866866849946244E-003
  0.83998578135773361     
   4.8400114201383424     
   3.3768937665128678     
   2.9934924823207543     
   1.0000000000000000     
  -1.0447226197079496E-003
 -0.24054867918695108     
  -7.9340138881522915E-003
  -1.8684064816221286     
 -0.35295982909946400     
   0.0000000000000000     
   0.0000000000000000     
   0.0000000000000000     
   0.0000000000000000     
   1.3449510900766173     
  0.45000000000000001     
   2.0000000000000000E-002
   1.0000000000000000     
  -1.1628914845141552E-003
 -0.19391243806817060     
