           6
           0
  0.67755986581034333     
  0.19729879773440528     
  0.23633089973106006     
  0.59862007488369018     
   6.4770763171445617E-002
   1.7389355399774011     
  -2.5946297136362446E-002
   1.2831244336518628     
  0.85904573626761294     
   7.7054969854441664     
   3.7182639621342388     
   1.0000000000000000     
  -2.8750899509565307E-002
 -0.59069030107903042     
  -1.9456026900317758     
   4.6108478455942690     
   3.8888942862649558     
   1.0000000000000000     
   2.6396298833284672E-002
 -0.52066591917051885     
  0.12536197038590527     
   5.6886979174185184     
   4.5228122549724112     
   1.0000000000000000     
  -1.2449558922915813E-002
 -0.35466446649671174     
   6.7323723959515167     
   3.5580018858337206     
   4.9567880312400341     
   1.0000000000000000     
  -1.9231746784696788E-003
 -0.51430859146147490     
  -2.4792451791546832     
  -9.0816702330774017     
  -1.4613043384973019     
   1.0000000000000000     
   2.5770955269741214E-002
  0.64120231221132562     
   3.4437512357514399     
   5.7515934681847956     
   4.2004599285794928     
   1.0000000000000000     
  -1.2271954734608820E-002
 -0.43688947487071728     
  -4.2928617007561787E-002
  -1.8836106047281409     
 -0.44228828553408395     
  -1.3925281109295400     
   0.0000000000000000     
   0.0000000000000000     
   0.0000000000000000     
   0.0000000000000000     
   0.0000000000000000     
   0.0000000000000000     
  0.29999999999999999     
  0.11000000000000000     
   1.0000000000000000     
  -2.7711927489229314E-002
 -0.65726831709263267     
