           6
           1
  -5.1276189139374005E-002
 -0.19728602149174607     
  -1.4854179963232553E-002
 -0.15090749289512462     
 -0.42426923847392722     
  -1.0598473524063889     
  -5.4351973331295128E-003
 -0.63732659473745190     
   10.923607107506266     
  -2.6617129845264009     
   4.9999999998360325     
   1.0000000000000000     
   6.3945028064498113E-003
   1.1265455810100586     
   4.1173950957986785     
   4.8095264434411744     
   2.7493867192464272     
   1.0000000000000000     
  -4.5185235532427337E-003
 -0.97628357826536738     
  -2.7242875645604201     
   3.9264870285076814     
   1.1053408566492526     
   1.0000000000000000     
  -7.2797662487333022E-003
   1.1938501270849642     
   3.6518267214252984     
   5.1178940402948934     
   2.6187519590514845     
   1.0000000000000000     
   1.7478647287234624E-003
   1.0819255684305880     
   3.8602897287212112     
   5.0828783222494769     
   2.6374625463202626     
   1.0000000000000000     
   6.3936564954461530E-003
  0.84896881563616855     
   5.0034866632034225     
   3.5622312893926042     
   3.0836324957393639     
   1.0000000000000000     
  -4.0153134949533209E-004
 -0.24174045235051542     
  -5.4613833319999694E-003
  -1.9388786884701883     
 -0.37577034815151067     
   0.0000000000000000     
   0.0000000000000000     
   0.0000000000000000     
   0.0000000000000000     
   1.3443369275703643     
  0.45000000000000001     
   1.0000000000000000E-002
   1.0000000000000000     
  -3.6079383983094707E-004
 -0.12333595317002079     
