           6
           1
 -0.14214416424094020     
 -0.41316216259294841     
  -4.9446551811614059E-002
 -0.59572260822696033     
 -0.10528788812086896     
  -1.8330674866310657     
  -2.7927621283821057E-002
 -0.75319258408560785     
 -0.42107266973874691     
   5.8115082251360128     
   2.2484436895973077     
   1.0000000000000000     
  -1.0417795742431117E-002
 -0.47574683937847456     
   8.8926024300015154     
  -4.6407113573838019E-002
   3.9482713121542918     
   1.0000000000000000     
  -1.3257757195935024E-002
 -0.71373111527036015     
  -4.6472288612514898     
  -2.6801191937492312     
  -2.4635380209506912     
   1.0000000000000000     
  -2.4630767854341984E-002
   1.4590100598929416     
   1.8576198098053391     
   6.0604992415809704     
   2.1543014772059457     
   1.0000000000000000     
   2.5962794406119354E-002
 -0.72864901919275959     
 -0.67329388761141884     
   4.9078417584953984     
   1.9660177709360993     
   1.0000000000000000     
   2.4353872323155334E-002
  0.76589878314300208     
   4.3836441766664036     
   3.7773236846197489     
   2.8175620302748996     
   1.0000000000000000     
  -6.9662728368403287E-003
 -0.19199021990427978     
  -2.9390621243244541E-002
  -1.7698316816945665     
 -0.39262214543037505     
   0.0000000000000000     
   0.0000000000000000     
   0.0000000000000000     
   0.0000000000000000     
   1.3400915785361873     
  0.45000000000000001     
   8.9999999999999997E-002
   1.0000000000000000     
  -1.3131986172024924E-002
 -0.45061445636280195     
