           7
           1
 -0.61196440850814271     
 -0.24615772634614233     
 -0.16132092494591552     
 -0.19989264760487316     
  -1.8722951802962466     
 -0.10090042553189528     
 -0.60141873841961824     
  -5.9022860139619675E-003
  0.35634808814570262     
   1.8014873941293781     
   4.2921335342037414     
   4.4663186024588928     
   2.9806862223941684     
   1.0000000000000000     
  -8.4599201819255069E-003
 -0.15137959223755540     
  -1.3548622184903607     
   3.7145457918913296     
   2.8716837493189029     
   3.5903764384843377     
   1.0000000000000000     
  -3.7019532851148302E-003
 -0.24771526174321337     
  -1.8577286782154250     
  -4.5115083912101150     
 -0.98943751015791659     
  -2.0139234872390488     
   1.0000000000000000     
   5.7034962573106690E-003
 -0.16111394401928913     
  -1.8102954746995483     
   6.0093602989168220     
   2.6568886621432477     
   4.2126249334932027     
   1.0000000000000000     
   6.6689513577262716E-003
  0.21176718292010696     
   2.0928509257004713     
   4.7385035518717471     
   4.2669398947649730     
   2.9289640603847160     
   1.0000000000000000     
   3.9120535949265789E-003
  0.13602657384586661     
  -1.0672367830388962     
  -4.0841573270341476     
  0.30351142413120263     
 -0.82117346848733430     
   1.0000000000000000     
  -2.6294988106019710E-003
 -0.15042654425313778     
   2.6068251858810410     
   5.1781888909283698     
   4.1205552742569447     
   2.7705836513203597     
   1.0000000000000000     
 -0.10838021614500629     
  -3.7556838835567929E-002
  -1.6438035181362944     
  -7.8312092153496327E-003
 -0.53479311137672170     
 -0.30739957351012459     
   0.0000000000000000     
   0.0000000000000000     
   0.0000000000000000     
   0.0000000000000000     
   0.0000000000000000     
   1.2496950398972047     
  0.75000000000000000     
  0.26800000000000002     
   1.0000000000000000     
  -3.4212498820287054E-002
 -0.46637363318616465     
