           7
           1
 -0.40805379448450863     
 -0.15768408026180408     
 -0.10312694791516910     
 -0.12504991785357567     
  -1.2758964906735317     
  -6.0743258934003876E-002
 -0.38193928619314521     
  -6.9174183485673007E-003
  0.47534138576117846     
   1.5248887491944911     
   5.1460081412653640     
   2.5430652198357886     
   2.6212925844790536     
   1.0000000000000000     
  -9.9757101109175361E-003
 -0.17976546062602078     
  -1.4395026872920049     
   5.4168121547281842     
   1.0784082455823458     
   3.1680703844324456     
   1.0000000000000000     
  -4.5588474055614937E-003
 -0.30957574255690268     
  -1.9587456518718536     
  -4.3884772241179704     
  0.67048712083343742     
  -2.3960637574574863     
   1.0000000000000000     
   6.8291761896683168E-003
 -0.24537403744215253     
  -1.5997088537649498     
   7.5319819427921892     
  0.52616207955184335     
   3.7457937845872764     
   1.0000000000000000     
   7.9117434770583500E-003
  0.25789960669314627     
   2.3310539258807075     
   4.4659991905060279     
   3.0826432709532519     
   2.4328794190744452     
   1.0000000000000000     
   4.8682609132010661E-003
  0.15634429634866562     
  -1.7189737423520617     
  -3.1763971636937751     
   1.0127004978370906     
  -1.2081380682336222     
   1.0000000000000000     
  -3.4301580586130085E-003
 -0.17476760019028517     
   3.5741070493936657     
   3.4597918282553093     
   3.8469617057449752     
   2.1123429010722101     
   1.0000000000000000     
 -0.13531394110281644     
  -3.2954212821374562E-002
  -1.8118918083115454     
  -6.6869387225921839E-003
 -0.48450528608414595     
   4.5561617067198515E-003
   0.0000000000000000     
   0.0000000000000000     
   0.0000000000000000     
   0.0000000000000000     
   0.0000000000000000     
   1.3366528318861695     
  0.75000000000000000     
  0.24500000000000000     
   1.0000000000000000     
  -2.9009035320546356E-002
 -0.43822324356552667     
