           7
           1
 -0.18061482519837943     
 -0.57713727780241930     
  -5.4675418473228932E-002
  -1.8069559749445967     
 -0.10950923788087003     
 -0.13993412282729947     
 -0.46049061072309067     
  -4.8427478131378510E-003
 -0.14144527270630675     
  -1.4516677543893279     
   7.1669521044374473     
   1.6813272465302374     
   2.9391120760516718     
   1.0000000000000000     
  -3.4273821254703703E-003
  0.34518887514326191     
   1.5090329178871043     
   5.9644811507470434     
   2.9542673283503729     
   2.3616847957301066     
   1.0000000000000000     
   2.6138863890041316E-003
  0.10922961611635398     
  -2.0458441347010745     
  -3.2725402561351338     
   1.7553393346153798     
 -0.80663999272910081     
   1.0000000000000000     
   3.8833779025342721E-003
  0.19002782382677824     
   2.3231848668862245     
   4.8856325486445353     
   3.7448603274759766     
   2.1344899842813541     
   1.0000000000000000     
  -2.3276612406464186E-003
 -0.22862893886563662     
  -1.9607137071754213     
  -4.8029016381766017     
   1.3719248232044952     
  -1.7685978280667289     
   1.0000000000000000     
   3.4327468795366726E-003
 -0.20152052783449015     
  -1.2714201243286589     
   8.9418826119457719     
   1.0895527739133837     
   3.2909295644145575     
   1.0000000000000000     
  -1.8795264223977471E-003
 -0.14113101681788739     
   3.7995432651613577     
   3.0699225166194881     
   5.0011663844426648     
   1.7264820109444252     
   1.0000000000000000     
 -0.53455897630384697     
  -2.0677039748969062E-002
  -1.3416448510400756     
  -4.1131857270204283E-003
  -9.3910906612345524E-002
  -8.4565142526495385E-002
   0.0000000000000000     
   0.0000000000000000     
   0.0000000000000000     
   0.0000000000000000     
   0.0000000000000000     
   1.5440828408687932     
  0.67500000000000004     
  0.15400000000000000     
   1.0000000000000000     
  -1.5252701224334640E-002
 -0.36455349884276245     
