           7
           1
 -0.44975435079852510     
 -0.18015812263950107     
 -0.11800861519236351     
 -0.14634866450079723     
  -1.3700542586442026     
  -7.3669157129049617E-002
 -0.43832171776744533     
  -7.1877765015863279E-003
  0.44218981183938211     
   1.5629999965239409     
   4.2408549759707501     
   2.4910605452002064     
   2.2216507843080153     
   1.0000000000000000     
  -1.0329079098512002E-002
 -0.17073030661663793     
  -1.3491701610136759     
   4.7321610819269360     
  0.78008421939299288     
   2.7613820928250314     
   1.0000000000000000     
  -4.5233279926421063E-003
 -0.29572838979159149     
  -1.8179920734559718     
  -4.1133565562119214     
   1.0740656325914921     
  -2.7595838120181533     
   1.0000000000000000     
   7.0189854901470377E-003
 -0.21338445206174986     
  -1.6734676463535636     
   6.9081429785894057     
  0.14170210276218051     
   3.3900652812801577     
   1.0000000000000000     
   8.1461572248882428E-003
  0.24704201758073044     
   2.1656448777897124     
   4.0055609129336425     
   2.6993712537519228     
   2.1092203360952961     
   1.0000000000000000     
   4.8021156284009901E-003
  0.15566325889899690     
  -1.4200271081004632     
  -3.2101131057751529     
   1.4169148965383354     
  -1.6021893512759628     
   1.0000000000000000     
  -3.2566535558064920E-003
 -0.17134904721366884     
   3.1650327804406184     
   3.4644942198458408     
   3.1258948281437902     
   1.8762963936654249     
   1.0000000000000000     
 -0.13078310477118338     
  -3.6999682597127048E-002
  -1.5552107618079942     
  -7.8114349167919817E-003
 -0.53738010330690034     
   6.7633211547809699E-002
   0.0000000000000000     
   0.0000000000000000     
   0.0000000000000000     
   0.0000000000000000     
   0.0000000000000000     
   1.3378977702799624     
  0.75000000000000000     
  0.26800000000000002     
   1.0000000000000000     
  -3.4212512197367789E-002
 -0.46637664914144905     
