           7
           1
 -0.52515075997955796     
 -0.24490545497677224     
 -0.17564267705478875     
  -1.8483781864406317     
 -0.17393339877695926     
 -0.11107178116127432     
 -0.55193779343769689     
  -2.4225351871527617E-002
   1.4234999206994194     
   3.3593698063181781     
   9.6223629346171133     
   6.1824057318683687     
   4.1534385639117337     
   1.0000000000000000     
  -3.6396501542523087E-002
 -0.54525198723246626     
  -2.7625619875640064     
   7.9657894205478552     
   4.2657234174978669     
   4.8925800128027523     
   1.0000000000000000     
  -1.8125483654792874E-002
 -0.88488007838818450     
  -4.5062997825828157     
  -7.6016720928165755     
  -2.3249501899076872     
  -1.8071502259836314     
   1.0000000000000000     
   2.9423510348780779E-002
  0.75001431639060934     
   5.2868113066765225     
   8.3717106466645923     
   7.0425110810822176     
   3.8980959998159794     
   1.0000000000000000     
   2.5645518853320885E-002
 -0.80672888347786975     
  -3.0674049399276666     
   12.091629814566982     
   4.3541310908486315     
   5.6596333530714835     
   1.0000000000000000     
   1.8406934816882051E-002
  0.41743022328992746     
  -3.9410233207544332     
  -4.7538694176639726     
 -0.95889688389450811     
   3.2188933128800556E-002
   1.0000000000000000     
  -1.4494666203122298E-002
 -0.38514929440019352     
   7.6693682411877449     
   6.8787761844250914     
   7.9992555735964634     
   3.5232761004139728     
   1.0000000000000000     
 -0.17980739393455444     
  -4.2352913343243204E-002
  -1.9868158735573405     
  -7.3518452368322995E-003
 -0.90528519047604139     
 -0.41151454506453355     
   0.0000000000000000     
   0.0000000000000000     
   0.0000000000000000     
   0.0000000000000000     
   0.0000000000000000     
   1.3421233604499816     
  0.90000000000000002     
  0.35499999999999998     
   1.0000000000000000     
  -4.1215323746354948E-002
 -0.45257366694692291     
