           7
           1
 -0.50936964998149603     
 -0.19462754470381333     
 -0.13744701104157850     
  -1.8847339822437883     
 -0.12560856335161458     
  -6.8144063522473292E-002
 -0.35970256819139607     
  -6.3727293356805074E-003
  0.56028414246545433     
   2.4443998477170576     
   7.0066521345188004     
   5.4283184084464118     
   3.8401176523016942     
   1.0000000000000000     
  -9.8007641831932921E-003
 -0.27117795052130972     
  -2.0866603682004286     
   6.6908001632874337     
   3.6852278826789067     
   4.7673421030846717     
   1.0000000000000000     
  -5.8866399318660886E-003
 -0.39447138693453743     
  -2.8693862605603520     
  -5.5217203880720493     
  -2.0205942173942422     
  -1.2828374229630211     
   1.0000000000000000     
   8.3446185793256047E-003
  0.34542376579705902     
   3.3096381353745490     
   6.1042963639411587     
   6.1602156563526362     
   3.6188265326726032     
   1.0000000000000000     
   7.2005764757412574E-003
 -0.38808101019447444     
  -1.3499406661081981     
   9.8699254437488815     
   3.5005754411352292     
   5.0890316968517206     
   1.0000000000000000     
   6.3311016336886359E-003
  0.14175940991842270     
  -2.8396950094183446     
  -3.7478517761562844     
 -0.73022847140975200     
  0.36039814495944578     
   1.0000000000000000     
  -5.5824400399589738E-003
 -0.23258225627991144     
   5.1410611186934947     
   4.3116187003545861     
   7.5258973123924831     
   3.1052669906696195     
   1.0000000000000000     
 -0.12282652459963320     
  -2.5700031717772465E-002
  -1.3896439931465840     
  -3.2611994837173919E-003
  -1.1522516728530259     
 -0.48313972525329096     
   0.0000000000000000     
   0.0000000000000000     
   0.0000000000000000     
   0.0000000000000000     
   0.0000000000000000     
   1.1363629213576862     
  0.90000000000000002     
  0.25500000000000000     
   1.0000000000000000     
  -2.1324292815666841E-002
 -0.33889333009781764     
