           7
           1
 -0.55437255660345852     
 -0.19385235123860958     
 -0.11764263734238335     
  -1.9647235450813554     
 -0.12074271564053440     
  -7.6377625404641783E-002
 -0.27993347858430584     
  -3.4778941342814233E-003
  0.30631920862481160     
   2.5021423534905360     
   5.8921247285167455     
   6.7837649138899314     
   3.9717840442224839     
   1.0000000000000000     
  -4.9999999778722760E-003
 -0.19995645356494518     
  -2.0754985465859281     
   4.4254356904428107     
   5.2352111489222546     
   5.0413798619794719     
   1.0000000000000000     
  -3.8642418105363186E-003
 -0.26257077581514954     
  -2.3123752147275232     
  -5.6498874322196970     
  -3.4311871200877508     
  -1.3469592611697050     
   1.0000000000000000     
   4.9198099191640147E-003
  0.23885229947774342     
   2.6210045834420956     
   6.0604939354109222     
   6.6966513475014207     
   3.9412731956968465     
   1.0000000000000000     
   4.4309187792645035E-003
 -0.26915287220163131     
  -1.0890685232173064E-002
   10.255691837023745     
   4.9177969746422461     
   5.1275201300456299     
   1.0000000000000000     
   4.0647665117915137E-003
   1.7690474321451783E-002
  -2.1704625804931221     
  -3.5816461829157005     
  0.16096444556336029     
   1.4829075038930259     
   1.0000000000000000     
  -4.4618501546021426E-003
 -0.17009109425822166     
   3.4142034273069268     
   5.9290286321493895     
   6.8506134007530051     
   3.6148615677098346     
   1.0000000000000000     
  -9.9119365524027087E-002
  -2.3737951139112812E-002
  -1.4782647355559608     
  -2.4616162556598264E-003
 -0.94797116854480157     
 -0.70997258890194281     
   0.0000000000000000     
   0.0000000000000000     
   0.0000000000000000     
   0.0000000000000000     
   0.0000000000000000     
  0.94438973146723837     
  0.90000000000000002     
  0.23000000000000001     
   1.0000000000000000     
  -1.7288066923536065E-002
 -0.30665266210151021     
