           7
           1
 -0.55424667112427373     
 -0.19389261116405601     
 -0.11771829668685123     
  -1.9647802456062233     
 -0.12073671329088473     
  -7.6332937482868318E-002
 -0.28022571065112295     
  -3.4822377528560908E-003
  0.30669174303074903     
   2.5748568670956113     
   5.8900702523821034     
   6.8175265542285111     
   3.9510396038675020     
   1.0000000000000000     
  -4.9999961516422929E-003
 -0.20192742609556888     
  -2.1236768972893167     
   4.5993672312526170     
   5.1780426342530443     
   5.0364794626378169     
   1.0000000000000000     
  -3.8599929324411525E-003
 -0.26464646874727193     
  -2.3656381411432976     
  -5.6832116293509509     
  -3.3778338383167590     
  -1.3544431540241906     
   1.0000000000000000     
   4.9177576376377994E-003
  0.24098974070207965     
   2.6745861145144758     
   6.1147216795683397     
   6.6808678126630818     
   3.9319975776017597     
   1.0000000000000000     
   4.4363351682485813E-003
 -0.26930896768912149     
  -5.4414210028693212E-002
   10.553643691070498     
   4.7143449815948637     
   5.1595600207717318     
   1.0000000000000000     
   4.0613666990292757E-003
   2.0008318816395799E-002
  -2.2160651112580241     
  -3.6035729242733345     
  0.23580896502108301     
   1.4539552316022009     
   1.0000000000000000     
  -4.4511290861017072E-003
 -0.17353976395464682     
   3.4694557442391547     
   6.0275547410889621     
   6.7817912308305184     
   3.6195749145069249     
   1.0000000000000000     
  -9.6667287865905852E-002
  -2.3584874119349952E-002
  -1.4945423985353385     
  -2.4594367156011709E-003
 -0.95705811790813566     
 -0.69345225127197918     
   0.0000000000000000     
   0.0000000000000000     
   0.0000000000000000     
   0.0000000000000000     
   0.0000000000000000     
  0.96447292352869407     
  0.90000000000000002     
  0.23000000000000001     
   1.0000000000000000     
  -1.7288058205502936E-002
 -0.30665258823000541     
