           7
           1
 -0.51462153975585301     
 -0.23084102704051593     
 -0.16561661196833760     
  -1.8340191841329445     
 -0.16137305404334090     
  -9.7652511179093432E-002
 -0.49919911609651763     
  -1.6377795597213862E-002
   1.0430367243346519     
   3.7203815821971036     
   8.9011876285583966     
   7.2390825481095833     
   4.2705127909636902     
   1.0000000000000000     
  -2.4404129082307109E-002
 -0.44635407808710070     
  -2.8354789532063212     
   7.9148763021919821     
   5.0832949223570933     
   5.1522990442117518     
   1.0000000000000000     
  -1.2586767337756250E-002
 -0.68393998685980251     
  -4.3387243216840643     
  -7.6467021833979612     
  -2.7957122153167333     
  -1.3942003837905765     
   1.0000000000000000     
   1.9846275721672118E-002
  0.59230585818925696     
   4.9101659140795713     
   8.6538714088572899     
   7.5029612942869379     
   4.1188102381249356     
   1.0000000000000000     
   1.7263089924131197E-002
 -0.58095453400715757     
  -3.3588771904195580     
   12.607929344665150     
   4.7485101853496969     
   5.9007421746294737     
   1.0000000000000000     
   1.2896078510253274E-002
  0.33417978834082779     
  -3.3373780872361953     
  -6.0232295798735702     
 -0.56336367837054002     
  0.19934960869202076     
   1.0000000000000000     
  -1.0170733225293041E-002
 -0.35150053041426593     
   6.7517909754782526     
   7.9995862391460468     
   7.9999935229022530     
   3.7947184401862279     
   1.0000000000000000     
 -0.13914276133152745     
  -3.7277128907883927E-002
  -2.0248523850049160     
  -6.2074558679507952E-003
 -0.90152893909164344     
 -0.52188243512057986     
   0.0000000000000000     
   0.0000000000000000     
   0.0000000000000000     
   0.0000000000000000     
   0.0000000000000000     
   1.2852675276575747     
  0.90000000000000002     
  0.33000000000000002     
   1.0000000000000000     
  -3.5719452184184194E-002
 -0.42650599979756626     
