           7
           1
 -0.43819198924010722     
 -0.15589533707839998     
  -9.3886850879841555E-002
  -1.9371368227719026     
  -8.3875366227772710E-002
  -5.1289498496142151E-002
 -0.21634863293115428     
  -3.4054782754291586E-003
  0.39340909464388368     
   2.6644391118735506     
   6.1812838766886449     
   5.0317136152137252     
   3.5462932610962712     
   1.0000000000000000     
  -4.1597600624337146E-003
 -0.26245159912333493     
  -2.1487072649532055     
   8.0701362538863624     
   2.4213483881649638     
   4.7655929238819095     
   1.0000000000000000     
  -3.7460071963130209E-003
 -0.30543247948459279     
  -2.7155815315372687     
  -5.1356278288162756     
  -1.5444874833814930     
  -1.4315121782371840     
   1.0000000000000000     
   4.2478481117927758E-003
  0.28960658060378230     
   3.0829745762402321     
   5.6190668285467593     
   5.4360655105355624     
   3.4353015919747514     
   1.0000000000000000     
   4.0125274118573626E-003
 -0.35521477259801593     
   1.9655771966149926     
   9.1126204685112349     
   3.8115428333600150     
   4.3458295192907590     
   1.0000000000000000     
   3.8003279277756207E-003
  -4.9440306332544523E-002
  -3.0907807966359400     
  -1.0382235441714525     
   6.6893760446746192E-002
   1.2992432348997927     
   1.0000000000000000     
  -4.1729073713319843E-003
 -0.19580025258423009     
   4.9090841874203983     
   3.3041093659619771     
   6.9997845021330276     
   2.9047096149653355     
   1.0000000000000000     
 -0.10313501631203670     
  -1.6220677583374199E-002
  -1.6205036037509806     
  -1.1248291495832285E-003
  -1.0104289128383548     
 -0.35570992933781015     
   0.0000000000000000     
   0.0000000000000000     
   0.0000000000000000     
   0.0000000000000000     
   0.0000000000000000     
   1.1742010101751503     
  0.90000000000000002     
  0.17999999999999999     
   1.0000000000000000     
  -1.0462044153942042E-002
 -0.23878661742970950     
