           7
           1
 -0.52567825796922374     
 -0.21296647345603084     
 -0.15198835192379612     
  -1.9173182021041515     
 -0.14197485206687574     
  -7.8932961257328141E-002
 -0.41886324080403686     
  -9.1674173429014752E-003
  0.72102635625299782     
   2.6355079282275997     
   7.4202118390185134     
   5.1307789210882300     
   3.7421565610690330     
   1.0000000000000000     
  -1.3940098735453920E-002
 -0.32560044265122356     
  -2.2198411786349199     
   7.3532720816815864     
   3.1546909532689198     
   4.6316568742565360     
   1.0000000000000000     
  -7.8870076850887892E-003
 -0.48708668790952286     
  -3.2375607139779894     
  -5.7648081500079336     
  -1.6244065828166292     
  -1.5550680597507205     
   1.0000000000000000     
   1.1614818637649732E-002
  0.42267322753817299     
   3.7505951359683372     
   6.3694328814920542     
   5.9520460059545126     
   3.4973885043504755     
   1.0000000000000000     
   1.0067990962312541E-002
 -0.46113698692786015     
  -1.8430645636155403     
   10.594631451136479     
   2.8758535374741627     
   5.0938187220521476     
   1.0000000000000000     
   8.3411794234096049E-003
  0.20285920481686853     
  -3.1005099193645016     
  -3.8894887012069685     
 -0.54833728763000511     
  -8.1242988045942943E-003
   1.0000000000000000     
  -6.9969894481345316E-003
 -0.27109300950037679     
   5.7994696064981621     
   4.4687698461978034     
   7.3438568226082523     
   2.9971324605621903     
   1.0000000000000000     
 -0.13254914255182201     
  -2.9253456484139795E-002
  -1.5232717715246700     
  -4.1630329218169670E-003
  -1.0702998074448291     
 -0.39013529995767315     
   0.0000000000000000     
   0.0000000000000000     
   0.0000000000000000     
   0.0000000000000000     
   0.0000000000000000     
   1.2404305036188237     
  0.90000000000000002     
  0.28000000000000003     
   1.0000000000000000     
  -2.5754291603374703E-002
 -0.36965925522414694     
