           7
           1
 -0.43749264933215193     
 -0.15403237159829805     
  -9.2479968781672126E-002
  -1.7163380366069694     
  -9.0081647707079424E-002
  -5.6344915785323080E-002
 -0.21580477090567751     
  -3.6142715559341404E-003
  0.35871526428775413     
   2.4274935239996700     
   5.9763764245257747     
   5.5835092363908769     
   3.6634663216990444     
   1.0000000000000000     
  -4.7664508063113642E-003
 -0.23107551374736079     
  -2.0649143237194880     
   6.0810326250552293     
   3.6214801110875379     
   4.7867648679801311     
   1.0000000000000000     
  -4.0376488645618019E-003
 -0.28699223266459861     
  -2.3787749037605637     
  -5.3767764980638564     
  -2.2136583933678895     
  -1.5284500437092110     
   1.0000000000000000     
   4.8141383822252080E-003
  0.26564988916645577     
   2.7489130506001729     
   5.6130599885602379     
   5.8953760406630522     
   3.5560967838588606     
   1.0000000000000000     
   4.4310878115232195E-003
 -0.32255664685648289     
   1.1037315135110779     
   9.2862841760245249     
   4.3062931104142761     
   4.5535210807217847     
   1.0000000000000000     
   4.1512776749809818E-003
  -2.1016724995591207E-002
  -2.5530666288010782     
  -2.2275607226452099     
  0.23084867637630782     
   1.2914327628114539     
   1.0000000000000000     
  -4.6042230155686854E-003
 -0.17889989114354909     
   4.0900557898552785     
   4.1895588081026398     
   6.9806865897335273     
   3.0655247156564838     
   1.0000000000000000     
 -0.10838076630931787     
  -2.0252389145765104E-002
  -1.3318406127113489     
  -1.7289145958765406E-003
  -1.0697797787357470     
 -0.52846459108901955     
   0.0000000000000000     
   0.0000000000000000     
   0.0000000000000000     
   0.0000000000000000     
   0.0000000000000000     
   1.0895644959438475     
  0.90000000000000002     
  0.20499999999999999     
   1.0000000000000000     
  -1.3662809138913474E-002
 -0.27319391423961259     
