           7
           1
  0.15509603885261855     
 -0.34440311581303346     
  -5.2007989733857091E-002
  -1.9298233972811003     
 -0.11866804578529341     
  -1.3109732704234753E-002
   1.7094307854972506E-002
   3.2336576813437657E-004
   9.5263230242300143E-002
   2.2765636636084894     
   6.7300912962926622     
   2.4631982900775737     
   2.5080333393918481     
   1.0000000000000000     
  -2.8154584470273047E-004
  0.13889492528264333     
   1.9689551553161044     
   7.0620747781804445     
   2.1425584754607265     
   2.6511500123709104     
   1.0000000000000000     
  -2.0066380999877309E-004
 -0.11013157123349950     
   7.7345131128346165E-002
   10.543946595145650     
  0.82427148207890555     
   3.1188981408871745     
   1.0000000000000000     
   3.1359533107467810E-004
   9.3059867825408829E-002
   2.4850735068455814     
   5.4966798813789506     
   3.6193244978534089     
   2.2672192195935428     
   1.0000000000000000     
  -2.7892754816399076E-004
  -5.3325007135248216E-002
   4.3192912916021715     
 -0.22445176814975007     
   9.1092209185399309     
  0.85036185946568343     
   1.0000000000000000     
  -2.3275769535308644E-004
  -9.0121536615832804E-002
  -2.5497924267263459     
  -1.8711254507416686     
   2.8033141306799814     
  -8.9484918915681555E-002
   1.0000000000000000     
  -2.0098433435985024E-004
 -0.11661979431059079     
   2.3798105881140432     
 -0.41744749477951287     
   14.614059948803305     
 -0.62268214303141323     
   1.0000000000000000     
 -0.58284035189998085     
  -2.9323018750709862E-003
  -1.5717031354559916     
  -3.3446513334569467E-004
  -3.9371106047803930E-002
  -3.7455344705454745E-002
   0.0000000000000000     
   0.0000000000000000     
   0.0000000000000000     
   0.0000000000000000     
   0.0000000000000000     
   1.5644507466513449     
  0.45000000000000001     
   1.0000000000000000E-002
   1.0000000000000000     
  -3.1879098900520407E-004
 -0.11254073120377750     
