           7
           1
 -0.25512040420913201     
  -8.7561438718162424E-002
  -5.7477108866008299E-002
 -0.89976671973466893     
  -5.8847040150400640E-002
  -2.7354053091998124E-002
 -0.18542266137994373     
  -2.1759194315574665E-003
  0.22572118906654154     
   2.0242240044867503     
   4.3904909110336900     
   4.6792709995221280     
   2.9860774982667930     
   1.0000000000000000     
  -3.0812999107244377E-003
 -0.12393422657620380     
  -1.5571476695688162     
   6.0134630790970931     
   2.3525540542623791     
   3.9494559381964671     
   1.0000000000000000     
  -1.7174988512831506E-003
 -0.17022326628669854     
  -2.0406647125562665     
  -4.1210768809341776     
 -0.78563159331684529     
  -1.2985226554150970     
   1.0000000000000000     
   2.5690586232968667E-003
  0.15118745579172257     
   2.2163472335227978     
   4.7490380892514787     
   4.3373296899092182     
   3.0240635069972166     
   1.0000000000000000     
   2.2949886933884135E-003
 -0.13651826967989839     
  -1.5999936060004241     
   9.0742939940733400     
   1.0818104329444513     
   4.4674268444902649     
   1.0000000000000000     
   1.8725275319017576E-003
   8.5864575813611704E-002
  -1.6819677508800146     
  -3.7732471409019834     
  0.81561227485794219     
 -0.21246253059058226     
   1.0000000000000000     
  -1.4744277846479711E-003
 -0.12734548803752752     
   3.0426272963053100     
   4.5168606828948379     
   4.4100778993091065     
   2.8578102342926819     
   1.0000000000000000     
  -6.6974703856541015E-002
  -1.8662162626885581E-002
  -1.6447308060728938     
  -3.0290937830152465E-003
 -0.71021477188139093     
 -0.29398957774845169     
   0.0000000000000000     
   0.0000000000000000     
   0.0000000000000000     
   0.0000000000000000     
   0.0000000000000000     
   1.2184882460022592     
  0.80000000000000004     
  0.19000000000000000     
   1.0000000000000000     
  -1.5526153764648979E-002
 -0.32275876507429341     
