           7
           1
 -0.58393422294348096     
 -0.15082933743735438     
  -7.4993180066991835E-002
 -0.10443984634968491     
  -1.8957932121392653     
  -5.0219620513380664E-002
 -0.24465192288649043     
  -1.8790203698844034E-003
  0.28321833119171863     
   2.2682654706591547     
   6.5638763965074594     
   4.5323905768510793     
   3.4261191699477749     
   1.0000000000000000     
  -2.4762642456669340E-003
 -0.18125610318942953     
  -2.0169343048504107     
   8.9999679423937486     
   2.3049756131621568     
   4.4589914225507625     
   1.0000000000000000     
  -2.0840454709666412E-003
 -0.22387156011382109     
  -2.3158585791903370     
  -5.6760959066423382     
 -0.58738072980051637     
  -1.1799090970118431     
   1.0000000000000000     
   2.4648070151512156E-003
 -0.26986826064075986     
   2.0913430407209517     
   8.7816544691041774     
   3.5685620547977766     
   4.0002911163210806     
   1.0000000000000000     
   2.5951805714228221E-003
  0.20185162758166766     
   2.7089250604836694     
   5.7880271622237576     
   5.1358330870799689     
   3.2628341375129546     
   1.0000000000000000     
   2.2454628073265092E-003
  -3.0051400068902709E-002
  -2.8342516865754450     
 -0.55473751313127839     
   1.3484108512364810     
   1.5183333840892974     
   1.0000000000000000     
  -2.4725494971795541E-003
 -0.13970587115510311     
   4.4563724774045923     
   2.9814639392221434     
   7.1485338344590588     
   2.6372191745190761     
   1.0000000000000000     
  -8.2483403053073195E-002
  -1.2985100582510789E-002
  -1.9011814192153225     
  -1.5420544775133216E-003
 -0.60568960486181689     
 -0.34577609288830191     
   0.0000000000000000     
   0.0000000000000000     
   0.0000000000000000     
   0.0000000000000000     
   0.0000000000000000     
   1.3207756239306454     
  0.75000000000000000     
  0.12000000000000000     
   1.0000000000000000     
  -7.3372241866178954E-003
 -0.24251429929069274     
