           7
           1
   2.3656716914909327E-002
 -0.28837941587436755     
   2.3119356938600153E-002
  -1.7304000257044494     
  -2.3245490254048377E-002
  -7.5742921066127997E-002
 -0.14398861126441959     
  -5.5439745004019509E-004
  -3.1632822553561972E-002
   3.4813044299784295     
   6.0445962819598780     
   1.0883024110631270     
   2.5142669454169515     
   1.0000000000000000     
  -4.8904423274505565E-004
  0.17747604595385674     
   1.8649636525873154     
   6.7855283684429359     
   2.0815107769004815     
   2.5066616408094808     
   1.0000000000000000     
  -4.1335424556845386E-004
 -0.12569742806587467     
 -0.14094857946627284     
   9.1500147703922625     
   4.7057035717445093     
   3.1301635048416387     
   1.0000000000000000     
   5.6078048556030147E-004
  0.11756438711669873     
   2.4354708807001120     
   5.1703012596584355     
   3.5230319070514655     
   2.1470713294669665     
   1.0000000000000000     
  -4.5179166681479652E-004
 -0.11654196518513975     
  -2.3640154500524098     
  -2.8586680721946522     
   2.1629222479687567     
 -0.65813516759252055     
   1.0000000000000000     
  -4.1214141971139057E-004
 -0.12652215651926821     
 -0.67730583636197683     
   11.224339717504854     
  0.13828263804306587     
   3.5689620366728190     
   1.0000000000000000     
  -5.1482793474400088E-004
  -6.7509604477077018E-002
   4.1958731704477037     
   1.2732431547191718     
   6.6423806533669572     
   1.3244797874953409     
   1.0000000000000000     
 -0.58096181308437245     
  -4.4893342950721449E-003
  -1.5123793974316597     
  -3.4878068773300935E-004
  -5.2096299713849985E-002
  -8.4529214724425698E-003
   0.0000000000000000     
   0.0000000000000000     
   0.0000000000000000     
   0.0000000000000000     
   0.0000000000000000     
   1.5537582052019840     
  0.59999999999999998     
   2.5000000000000001E-002
   1.0000000000000000     
  -7.2619213363241879E-004
 -0.10365828605129201     
