           7
           1
 -0.33695267824915920     
 -0.10970231426008996     
  -6.2669063316103682E-002
  -1.3587010871298750     
  -6.2258168332395100E-002
  -3.5334498049747698E-002
 -0.16288378153438110     
  -1.2161187654338148E-003
  0.16240907220596357     
   2.4553383360213727     
   4.2895469776929689     
   4.8458452603495505     
   2.9074990984052911     
   1.0000000000000000     
  -1.4568014882375242E-003
 -0.12666694448652699     
  -1.9734478642578714     
   7.6035197693509380     
   1.4251683492202396     
   4.2446422622429001     
   1.0000000000000000     
  -1.2428156407818882E-003
 -0.15055548192094165     
  -2.1598523838682664     
  -4.4639217719787334     
 -0.59271615526762333     
  -1.5502018692482784     
   1.0000000000000000     
   1.4747493941659646E-003
  0.14153250870382272     
   2.3749219131095183     
   4.8737892568295855     
   4.2988654582907060     
   3.0166886567053144     
   1.0000000000000000     
   1.4776857603887533E-003
 -0.14892594832340822     
  0.23926510100098997     
   10.948650822667172     
   2.3277727479015187E-002
   4.4930330123906597     
   1.0000000000000000     
   1.3113904250397700E-003
   8.6228443266763571E-003
  -2.3098282263495502     
  -1.4715805522609560     
   1.0694964108460003     
  0.82951729176904165     
   1.0000000000000000     
  -1.3537201417272895E-003
 -0.12676723830243450     
   3.2387457461692843     
   4.3371855310518876     
   4.5111361845955997     
   2.8046015161506013     
   1.0000000000000000     
  -5.7991404329526000E-002
  -1.1580938021753306E-002
  -1.7249641252651660     
  -1.1996125639061050E-003
 -0.74174495546090080     
 -0.24640280578319168     
   0.0000000000000000     
   0.0000000000000000     
   0.0000000000000000     
   0.0000000000000000     
   0.0000000000000000     
   1.2472320712415290     
  0.84999999999999998     
  0.15609100000000001     
   1.0000000000000000     
  -9.0081542551904998E-003
 -0.23538731977667976     
