           7
           1
 -0.25011614364355378     
  -8.9994485987571787E-002
  -5.9801705153084500E-002
 -0.86154482599085724     
  -6.2999165038046867E-002
  -3.0036791780994505E-002
 -0.19671447184973823     
  -3.6177460241631075E-003
  0.33072261544434783     
   1.5973082841900874     
   5.0442357399832884     
   4.0702428950132816     
   3.1571989385651231     
   1.0000000000000000     
  -5.2643382379289755E-003
 -0.14928651087894632     
  -1.3777920149470875     
   5.1247583977754294     
   2.6388306144029952     
   3.8847983529668801     
   1.0000000000000000     
  -2.8129894775244611E-003
 -0.22514743466313239     
  -1.8914567090780183     
  -4.2258689405749355     
 -0.95366555431243860     
  -1.4499981815174434     
   1.0000000000000000     
   4.3279810886116708E-003
  0.19333139607972979     
   2.1682187391328220     
   4.5398793832017841     
   4.5149089701117147     
   2.9962020988318376     
   1.0000000000000000     
   3.7926530147197163E-003
 -0.19953318013772053     
  -1.2896621049334660     
   7.2942001570063848     
   2.2749039450033903     
   4.2745120525044014     
   1.0000000000000000     
   3.0593139873273906E-003
  0.10135560428413949     
  -1.7202640347766023     
  -3.2243667021328513     
  -3.1653008451820480E-002
 -0.21713976716944944     
   1.0000000000000000     
  -2.3936748647117884E-003
 -0.13821377943374716     
   3.2661639183215097     
   3.5797718357843791     
   5.3050025754297661     
   2.6477699505490100     
   1.0000000000000000     
 -0.10168961561905171     
  -2.3576466224348169E-002
  -1.4950841128687729     
  -3.8706794473979955E-003
 -0.70238722099791762     
 -0.34857059018113740     
   0.0000000000000000     
   0.0000000000000000     
   0.0000000000000000     
   0.0000000000000000     
   0.0000000000000000     
   1.1874147472708287     
  0.80000000000000004     
  0.21114600000000000     
   1.0000000000000000     
  -1.9104277459470770E-002
 -0.35376332981684538     
