           7
           1
  -8.5330269392811006E-002
 -0.42829160557842155     
  -2.7166335456724814E-002
  -1.0776871426168715     
  -3.4332447747080268E-002
  -7.1952833007841346E-002
 -0.16324381577091820     
  -1.2005019720050907E-003
 -0.10712592619959198     
  -1.7965851887239024     
   10.252876183015175     
 -0.47150287642638533     
   3.4033446337168631     
   1.0000000000000000     
  -8.7980951083945999E-004
  0.17080990722471381     
   1.9416402369184282     
   5.6094352876066198     
   3.0062367267285812     
   2.2445858559456426     
   1.0000000000000000     
   1.0972123667219052E-003
  -5.0440462135800538E-003
  -2.5412045651919279     
   1.0852484822853790     
   1.9996917429509342     
  0.76358461190359617     
   1.0000000000000000     
   1.3138091326142676E-003
  0.11950047618710039     
   2.2959989244873591     
   4.9050132790429677     
   3.5529344122307092     
   2.0977714287637661     
   1.0000000000000000     
  -9.4482980377047574E-004
 -0.13996859295006961     
  -1.8876354294881248     
  -5.3677771961019403     
   2.0952459144237001     
  -1.7911297733613094     
   1.0000000000000000     
   1.3323762278310150E-003
 -0.17644643919987110     
   1.9866576447459978     
   7.4693705545634499     
   1.7430214335452672     
   2.7337722237379820     
   1.0000000000000000     
  -1.1650709617168316E-003
  -9.1823407132817295E-002
   3.7132436728097908     
   2.2121944795398232     
   5.5310540446659076     
   1.5294463666044622     
   1.0000000000000000     
 -0.56486138867506175     
  -1.0503982323482153E-002
  -1.4415108169767352     
  -1.8562496200348541E-003
  -5.1984365957761708E-002
  -2.9617827221799849E-002
   0.0000000000000000     
   0.0000000000000000     
   0.0000000000000000     
   0.0000000000000000     
   0.0000000000000000     
   1.5440130791153241     
  0.59999999999999998     
   7.4999999999999997E-002
   1.0000000000000000     
  -5.3661097039696655E-003
 -0.26184475485267600     
