           7
           1
 -0.20036700145206540     
  -7.4307208247989559E-002
  -4.6183743291633883E-002
  -1.4795677616675278     
  -2.5397273917982445E-002
  -1.4291799183682580E-002
 -0.10449749437285488     
  -8.0484819630113262E-004
  0.19356223774476575     
   2.2799017965147770     
   5.3542847801782019     
   3.7257647421718239     
   3.1056758067533794     
   1.0000000000000000     
  -8.3911080951180775E-004
 -0.14678451077060975     
  -1.7109190443700322     
   9.8445143003958471     
 -0.11163334185035412     
   4.5478723978934665     
   1.0000000000000000     
  -8.3275530207458769E-004
 -0.15099066296039715     
  -2.3822426048303580     
  -3.9003209425538730     
   2.5959884630428233E-002
  -1.0705354210346314     
   1.0000000000000000     
   8.5225570606545047E-004
  0.15059208164071419     
   2.5374878614711962     
   4.8622087933765554     
   4.1346466105666586     
   2.9926596403526897     
   1.0000000000000000     
   8.5207033933570235E-004
 -0.16455266143153605     
   1.6278516984303300     
   8.5233780293284731     
   1.5082816933909551     
   3.9746857000211926     
   1.0000000000000000     
   8.2647631774431256E-004
  -5.8467682555342355E-002
  -2.6949237775664852     
  -4.6430246580737793E-002
  0.44080409375362206     
   1.0234121827960407     
   1.0000000000000000     
  -8.5505881543399475E-004
 -0.12148659052187011     
   4.0962313860029864     
   2.1160331701744308     
   6.3241746336797080     
   2.3491515006112555     
   1.0000000000000000     
  -6.1903013639103013E-002
  -6.3008652381071339E-003
  -1.7998360816785783     
  -1.2634155989399432E-004
 -0.77266266396667138     
 -0.18132408310843023     
   0.0000000000000000     
   0.0000000000000000     
   0.0000000000000000     
   0.0000000000000000     
   0.0000000000000000     
   1.2531558407373429     
  0.90000000000000002     
  0.10263300000000000     
   1.0000000000000000     
  -3.3144747913172530E-003
 -0.13119930393895085     
