           7
           1
  -6.7370410835987091E-002
 -0.22903502441188361     
  -1.9606374313053065E-002
 -0.60474426257057035     
  -3.6813095711791623E-002
  -6.4170958873648085E-002
 -0.19916455218939239     
  -3.1021929274406652E-003
  -9.3487982790738458E-002
  -1.3124205468118111     
   6.7116654126603734     
   1.6042895025568580     
   2.7488160723773531     
   1.0000000000000000     
  -2.3989493513560420E-003
  0.20209908838521162     
   1.6781169453951836     
   4.3588190043012647     
   3.6867961590940297     
   2.0252387187599785     
   1.0000000000000000     
   1.2410268643409340E-003
  0.10533575771827880     
  -1.3372657905072909     
  -4.1704811638787307     
   2.4281380182998840     
  -1.1489510206714240     
   1.0000000000000000     
   2.3302817269257176E-003
  0.13015112559549780     
   1.9349361570534778     
   4.5803360374171396     
   3.3650694131541510     
   2.0508999196059601     
   1.0000000000000000     
  -1.1368281577914488E-003
 -0.15251857747555417     
  -1.7168528631591471     
  -4.3445722130572149     
   1.4138605399008086     
  -1.5748619258207335     
   1.0000000000000000     
   2.0566277048964716E-003
  -7.9940730507995758E-002
  -1.7041334997664439     
   8.7880081498649751     
  0.51037382404372111     
   3.2300170168660309     
   1.0000000000000000     
  -5.7656270648502020E-004
 -0.12969934110249415     
   2.9073861602533193     
   3.9320793999005468     
   3.6161197097904911     
   1.8714173378587662     
   1.0000000000000000     
 -0.50445247430433715     
  -2.1754971711211879E-002
  -1.3278387086791423     
  -5.8978731473803003E-003
  -6.0972217045586696E-002
  -6.6895470976252605E-002
   0.0000000000000000     
   0.0000000000000000     
   0.0000000000000000     
   0.0000000000000000     
   0.0000000000000000     
   1.5143747114904054     
  0.50000000000000000     
  0.12500000000000000     
   1.0000000000000000     
  -1.8611911297417336E-002
 -0.47243687346201485     
