           7
           1
  -7.4847541153235608E-002
 -0.23494314823344262     
  -2.4072907348004120E-002
 -0.58466416966058798     
  -4.1747214051021692E-002
  -7.4365651952219308E-002
 -0.20846629544192694     
  -3.0108592041838962E-003
  -9.7417706671984863E-002
  -1.3181517271942942     
   6.0680515403906146     
   1.8795818074855914     
   2.6861140448807492     
   1.0000000000000000     
  -2.4202045429493526E-003
  0.17390003944490237     
   1.8467581782523259     
   3.9692330807062532     
   3.8294650863478203     
   2.0200662827991001     
   1.0000000000000000     
   1.0997144770538599E-003
  0.10661104284013991     
 -0.92851713177732020     
  -5.1644641821736936     
   3.1488932609249969     
  -1.5378109966231541     
   1.0000000000000000     
   2.2419026967795833E-003
  0.13136277564330504     
   1.9134197499538947     
   4.5446848153990240     
   3.3808465340968068     
   2.0317084789571020     
   1.0000000000000000     
  -1.0006560097081589E-003
 -0.14654201649840437     
  -1.7407143124883475     
  -4.3324304479341071     
   1.2355777576128955     
  -1.7227969990851728     
   1.0000000000000000     
   1.9634367059901069E-003
  -4.2512414808226789E-002
  -2.0331655855593911     
   8.9643237296898342     
  0.12971008742090229     
   3.3833276381287032     
   1.0000000000000000     
  -3.2818510893951685E-004
 -0.14156513476846808     
   2.6902922330867343     
   4.4491397954516820     
   3.3143581216971110     
   1.8774031731003742     
   1.0000000000000000     
 -0.50459785525848078     
  -2.2709145749721049E-002
  -1.3157859134015113     
  -6.7893002054147805E-003
  -6.0958973625040325E-002
  -6.8175464012010648E-002
   0.0000000000000000     
   0.0000000000000000     
   0.0000000000000000     
   0.0000000000000000     
   0.0000000000000000     
   1.5129456044919107     
  0.50000000000000000     
  0.14999999999999999     
   1.0000000000000000     
  -2.4796111516711204E-002
 -0.51585561562700555     
