           7
           1
 -0.54993689388323352     
 -0.19310519744055202     
 -0.12409884963108808     
 -0.14218612277496304     
  -1.8167972179559426     
  -6.3694257777097113E-002
 -0.45337815738517273     
  -3.5447495031690778E-003
  0.32045904256423174     
   1.6603140487811683     
   5.0214391775238809     
   3.5734333037579069     
   2.6212588134077603     
   1.0000000000000000     
  -4.9996168947305276E-003
 -0.14291150040330658     
  -1.4176078243446824     
   5.8301306587565351     
   2.0709867742653500     
   3.2854153136582074     
   1.0000000000000000     
  -2.5068131087219296E-003
 -0.21847030055534319     
  -1.9262672426135783     
  -4.4092246177558065     
  0.27327279893668999     
  -1.7625232589118038     
   1.0000000000000000     
   3.5731083875514469E-003
 -0.17912980976479664     
  -1.4913723047491891     
   8.1547281973545171     
   1.2856604130879496     
   3.7584319362039014     
   1.0000000000000000     
   4.0494643484324279E-003
  0.18664152615797169     
   2.2046265645370582     
   4.6475449186295972     
   3.8565166470690966     
   2.5026425358469893     
   1.0000000000000000     
   2.7443132719607651E-003
  0.10843170679992950     
  -1.7002216742631511     
  -3.5433928815986953     
   1.1546113391175612     
 -0.73740122182729395     
   1.0000000000000000     
  -2.0182360773489606E-003
 -0.13949872962218987     
   3.3165542381376287     
   3.7291165739599639     
   4.5073984873779462     
   2.2116616195102634     
   1.0000000000000000     
  -9.3308563622292784E-002
  -2.2990366633583448E-002
  -1.4481411096158654     
  -4.2996690517518310E-003
 -0.58772514266582199     
 -0.18352231635995470     
   0.0000000000000000     
   0.0000000000000000     
   0.0000000000000000     
   0.0000000000000000     
   0.0000000000000000     
   1.3848732401142427     
  0.75000000000000000     
  0.19500000000000001     
   1.0000000000000000     
  -1.8893862435705840E-002
 -0.36909761588194234     
