           7
           1
  0.47774450093869852     
 -0.52301806097065795     
  -4.2462386762459399E-002
 -0.84252560240901841     
  -3.0805008436563960E-002
  -7.9259927861166535E-002
 -0.25644024958802414     
  -2.7246761242815640E-004
   4.2182151722038132E-002
   2.4184996071434410     
   5.3787053161551812     
   3.0508573444879565     
   2.0583813010983922     
   1.0000000000000000     
  -1.9121187057434062E-003
  0.10627073197763399     
   2.3839190814292825     
   4.5518066674583721     
   3.7330294167144751     
   1.9898411391648245     
   1.0000000000000000     
   2.1089621018439302E-003
   1.8230618354269430E-002
  -2.3176725608037723     
   3.7502441946231606     
   1.6615909519374570     
   1.7038317782043200     
   1.0000000000000000     
   1.9643691035845416E-003
  0.14091898895995622     
   2.1120365330635762     
   5.0976996331670064     
   3.4339633216098346     
   2.1758490059476983     
   1.0000000000000000     
  -1.3968548809308791E-003
 -0.14584772531844833     
  -1.7662349742172214     
  -5.8672747505716734     
   1.6507454255335778     
  -2.0256350382282804     
   1.0000000000000000     
  -2.3658996695448235E-003
 -0.13304653034467342     
  -1.4192004432004306     
   8.2485431683577222     
  0.98852986674825760     
   3.1523282424551535     
   1.0000000000000000     
   6.2652834898320974E-004
 -0.13429860867185303     
   2.7117159266271411     
   5.8116348274181098     
   2.8776231682553250     
   2.2290688981212625     
   1.0000000000000000     
 -0.54487548237402927     
  -2.0280251293467222E-002
  -1.3853852594867595     
  -5.0713511466764782E-003
  -5.4031076042105906E-002
  -7.9315610943723927E-002
   0.0000000000000000     
   0.0000000000000000     
   0.0000000000000000     
   0.0000000000000000     
   0.0000000000000000     
   1.5327367706445840     
  0.50000000000000000     
  0.10000000000000001     
   1.0000000000000000     
  -1.3016566702093771E-002
 -0.42085328424638468     
