           7
           1
 -0.55110881431994474     
 -0.19306286954352214     
 -0.12405755120273677     
 -0.14218937273829141     
  -1.8167240606331252     
  -6.3746424337327093E-002
 -0.45287442878416467     
  -3.5346747681607323E-003
  0.31974081428806150     
   1.6331162081147321     
   5.0200835367752763     
   3.5587542841651199     
   2.6224095586657041     
   1.0000000000000000     
  -4.9999999320179834E-003
 -0.14188446502363772     
  -1.4044535686050181     
   5.7571960839218299     
   2.1006254416992869     
   3.2753433118357802     
   1.0000000000000000     
  -2.5053681940051891E-003
 -0.21788956121515057     
  -1.9017193295353378     
  -4.4069422581708881     
  0.26013474192644187     
  -1.7598729797788666     
   1.0000000000000000     
   3.5729130833615950E-003
 -0.17967140696629066     
  -1.4626949393578448     
   8.0353584094063084     
   1.3597429201357927     
   3.7392962371759104     
   1.0000000000000000     
   4.0493232764098530E-003
  0.18582996050439382     
   2.1831947045772537     
   4.6222718701236314     
   3.8618198457266710     
   2.4993832455131635     
   1.0000000000000000     
   2.7425292402303704E-003
  0.10764826872048612     
  -1.6918193252601721     
  -3.4976728738861169     
   1.1042494081628731     
 -0.72173496193025011     
   1.0000000000000000     
  -2.0222157103410481E-003
 -0.13851985177627180     
   3.2925148811031590     
   3.6938514580474653     
   4.5247028901868367     
   2.2054435254266989     
   1.0000000000000000     
  -9.4547773157643761E-002
  -2.3027485203995335E-002
  -1.4408672434681982     
  -4.3007687265541050E-003
 -0.58244504914240736     
 -0.18798473070867025     
   0.0000000000000000     
   0.0000000000000000     
   0.0000000000000000     
   0.0000000000000000     
   0.0000000000000000     
   1.3834239499862282     
  0.75000000000000000     
  0.19500000000000001     
   1.0000000000000000     
  -1.8893864977944437E-002
 -0.36909206772870679     
