           7
           1
  -8.9010853318845798E-002
 -0.52582670241311225     
  -2.4158222336601136E-002
  -1.5772400430063087     
  -3.4299926392667573E-002
  -7.3909453126611818E-002
 -0.17448975321456894     
  -7.1735795081226059E-004
 -0.11960447844953935     
  -1.3599661943568371     
   10.286464954571732     
  0.38830280901954872     
   2.9491671577499425     
   1.0000000000000000     
  -5.9373998771737818E-004
  0.16316819036792629     
   2.0110920721526937     
   5.7878086637224113     
   2.9541017769714286     
   2.2233746545872437     
   1.0000000000000000     
   7.4620683354568529E-004
  -4.0202823536100135E-002
  -2.6816111366760365     
   2.5973792953983552     
   1.6248864382170083     
   1.0298964254112597     
   1.0000000000000000     
   8.1141321162099208E-004
  0.11701238430458299     
   2.3635100261578681     
   5.0528253522850655     
   3.4696335900900461     
   2.1132946402059392     
   1.0000000000000000     
  -6.7166882394766882E-004
 -0.12438135459719091     
  -2.2320447126020015     
  -3.8292123937742653     
  0.34592261086625409     
 -0.72259420156861409     
   1.0000000000000000     
   7.8798990432374274E-004
 -0.16662241181911383     
   3.0128907754475809     
   5.1858461911626375     
   3.4250265218818825     
   2.2871425009396251     
   1.0000000000000000     
  -8.2400480559009033E-004
  -7.6002860601150260E-002
   3.8951020250969401     
   1.9580879020794364     
   5.5690282276712733     
   1.6217733330712203     
   1.0000000000000000     
 -0.57657006766033803     
  -6.3719293002776345E-003
  -1.4757813822873840     
  -9.1297635971734556E-004
  -5.1632253457402758E-002
  -8.7869428216911828E-003
   0.0000000000000000     
   0.0000000000000000     
   0.0000000000000000     
   0.0000000000000000     
   0.0000000000000000     
   1.5501724668670045     
  0.60000002384185791     
   5.0000000000000003E-002
   1.0000000000000000     
  -2.5312930275212058E-003
 -0.18979415980502648     
