           7
           1
 -0.32715968248990346     
  -9.2711459362952817E-002
  -4.9461033952209466E-002
  -5.5137273364301673E-002
  -1.2936646037387263     
  -2.7969603181889766E-002
 -0.14380153970299805     
  -1.2292770842385668E-003
  0.20296155177508349     
   1.8787086218748899     
   5.3010702281266404     
   4.2312204154483934     
   3.2079222528372684     
   1.0000000000000000     
  -1.4928244984015564E-003
 -0.13728092046837309     
  -1.6117158797908180     
   7.4780220084423430     
   1.9656305418755908     
   4.2838626922336784     
   1.0000000000000000     
  -1.3368173130580295E-003
 -0.16006394880874766     
  -1.9051475318800788     
  -4.5928754267785159     
 -0.62913113918900199     
  -1.1719716385454377     
   1.0000000000000000     
   1.4936867285023484E-003
 -0.18859840161699254     
   1.4987855886786008     
   7.5662875514020573     
   3.0669424331369952     
   3.8284412275959787     
   1.0000000000000000     
   1.5480837207853557E-003
  0.14937836370983382     
   2.1673025782736461     
   4.7853675517472700     
   4.6609674276492541     
   3.0838093948550274     
   1.0000000000000000     
   1.3975775793129580E-003
  -3.1601620544041364E-002
  -2.2389222220311704     
 -0.79515999370245738     
  0.94634311025622075     
   1.2999771646228182     
   1.0000000000000000     
  -1.5058066897471701E-003
 -0.10981502615228311     
   3.4975558172024721     
   2.6080724322396294     
   6.3530880871781941     
   2.5253034586776208     
   1.0000000000000000     
  -7.4881083053773889E-002
  -1.0859438108582697E-002
  -1.6308368947126373     
  -9.5447375300850013E-004
 -0.67293254980067529     
 -0.35839279944093033     
   0.0000000000000000     
   0.0000000000000000     
   0.0000000000000000     
   0.0000000000000000     
   0.0000000000000000     
   1.2172798554649185     
  0.80000000000000004     
  0.12000000000000000     
   1.0000000000000000     
  -6.1799984711323015E-003
 -0.20859457170681706     
