           7
           1
  -6.8184194331277634E-002
 -0.20020377556991345     
  -2.2871274039472509E-002
 -0.56386117690069404     
  -4.0168359735688733E-002
  -6.0741702547827375E-002
 -0.18302549880849714     
  -4.2965068945646206E-003
 -0.11216047768216744     
  -1.3252691223070923     
   5.4200438822336272     
   2.2671168893806239     
   2.6534138858148233     
   1.0000000000000000     
  -3.2824046955056974E-003
  0.23606280657203232     
   1.7803205342971204     
   4.0443444933020958     
   3.9769461048439014     
   2.0275484582672538     
   1.0000000000000000     
   1.8448612472318959E-003
  0.11358993883964276     
  -1.1308384966780902     
  -4.4807294158687716     
   2.2296947101778311     
  -1.3213143602776898     
   1.0000000000000000     
   3.2945249664207985E-003
  0.15390138015614341     
   1.9555975672142754     
   4.6281398107690555     
   3.4310181264823916     
   2.0904792034870225     
   1.0000000000000000     
  -1.6914606691146674E-003
 -0.17768426841298113     
  -1.7459208782287983     
  -4.4937574188479017     
  0.97922596387880290     
  -1.9291324973386654     
   1.0000000000000000     
   2.8969964559245327E-003
  -9.1339632962620126E-002
  -1.8364652704786271     
   7.8699644866111047     
   1.1820137832354052     
   3.2154305977778979     
   1.0000000000000000     
  -9.8806767724611056E-004
 -0.13845109117225282     
   2.7051677811903660     
   4.6740860301095672     
   3.2451371718125697     
   1.9905335460349556     
   1.0000000000000000     
 -0.50308268560097724     
  -2.6028706449178540E-002
  -1.3021113986498181     
  -6.6180939900606708E-003
  -7.5038478454071078E-002
  -8.9663959961994139E-002
   0.0000000000000000     
   0.0000000000000000     
   0.0000000000000000     
   0.0000000000000000     
   0.0000000000000000     
   1.5105371075210099     
  0.59999999999999998     
  0.17499999999999999     
   1.0000000000000000     
  -2.3978554936899411E-002
 -0.46410212644448662     
