           7
           1
  -7.9957814280039841E-002
 -0.41264044692434110     
  -1.7640081502290090E-002
  -1.8730542558244452     
  -3.6522523729658030E-002
  -4.6421687497302432E-002
 -0.14866619331535402     
  -6.1351914032010935E-004
 -0.12813357434104081     
  -1.2449130814241678     
   10.162281776255968     
  0.44173518187021549     
   2.9954862736052883     
   1.0000000000000000     
  -5.2373401749573640E-004
  0.17198390738696603     
   1.9744077548783712     
   6.0552293680514842     
   2.7019338530456127     
   2.2961203352716422     
   1.0000000000000000     
   6.1075911785217680E-004
  -7.1084458283488999E-002
  -2.5916680396476766     
   1.9153047158925574     
   1.4162636420137307     
  0.95926532186855029     
   1.0000000000000000     
   6.5693900772771923E-004
  0.12337949558278478     
   2.3843196277645218     
   5.0887172348906962     
   3.4605336599731031     
   2.1209760000530609     
   1.0000000000000000     
  -6.1430112730229938E-004
 -0.12511997733946850     
  -2.3065570951989836     
  -3.6417533725617095     
  0.93359652361808809     
 -0.89774475409632770     
   1.0000000000000000     
   6.1022163384525372E-004
 -0.16725451467118252     
   3.0964358726809391     
   4.6643754257359760     
   4.1785579869152860     
   2.0643655575786677     
   1.0000000000000000     
  -6.9346226817917607E-004
  -7.6999456887360346E-002
   3.9580480851821331     
   1.9887384169856579     
   5.5214284287743691     
   1.6550393068755873     
   1.0000000000000000     
 -0.57831424761078143     
  -5.2369863839520914E-003
  -1.4860515552951727     
  -3.4276360521256696E-004
  -5.5431299592366562E-002
  -5.3366384929752712E-003
   0.0000000000000000     
   0.0000000000000000     
   0.0000000000000000     
   0.0000000000000000     
   0.0000000000000000     
   1.5490141571865657     
  0.69999998807907104     
   5.0000000000000003E-002
   1.0000000000000000     
  -1.5651318649291051E-003
 -0.12521057410685543     
