           7
           1
  -7.2535993664251924E-002
 -0.19506682856614574     
  -2.7628136111473231E-002
 -0.51031510210497810     
  -4.3198813492886345E-002
  -6.7788878451441270E-002
 -0.18432615981252343     
  -6.3374841850273415E-003
 -0.12052070086516184     
  -1.2326844389334186     
   3.8804018245672820     
   2.7046106449294336     
   2.4763953240725964     
   1.0000000000000000     
  -4.7095656062334321E-003
  0.25054027681542257     
   1.8124648721912238     
   3.5047928710657992     
   4.1435033976847206     
   1.9692162961656776     
   1.0000000000000000     
   2.4968737457141130E-003
  0.12258081704166680     
 -0.71578224436171256     
  -4.7095966794770963     
   1.9313707713723836     
  -1.6780825630774328     
   1.0000000000000000     
   4.8339994896579785E-003
  0.17457655853020237     
   1.8437034410210049     
   4.4662297294633628     
   3.4063727582229779     
   2.0510856039414924     
   1.0000000000000000     
  -2.3432381453128591E-003
 -0.19964946277532436     
  -1.6399581261982279     
  -4.5086739783614238     
  0.68450182244290436     
  -2.3072891778620077     
   1.0000000000000000     
   4.1532646091932100E-003
  -8.0878317985284831E-002
  -1.8515785447373090     
   6.0878298160839632     
   1.9904312714064287     
   3.0629726740388694     
   1.0000000000000000     
  -1.1539612297430035E-003
 -0.15220659518013327     
   2.2550895729270310     
   5.3449606756667922     
   2.7548050693146182     
   2.0222067355282429     
   1.0000000000000000     
 -0.46928911623058656     
  -3.7034650919518186E-002
  -1.2332259938423769     
  -9.5121830473208907E-003
  -9.0590372459956423E-002
 -0.10752575372918279     
   0.0000000000000000     
   0.0000000000000000     
   0.0000000000000000     
   0.0000000000000000     
   0.0000000000000000     
   1.5013638322653724     
  0.59999999999999998     
  0.22500000000000001     
   1.0000000000000000     
  -3.6467397151039159E-002
 -0.53235021652613168     
