           7
           1
  0.24408295078346612     
 -0.36860140985192369     
  -3.6506102751736227E-002
  -1.5077327594368006     
  -2.4273694752734807E-002
  -6.3165278121063026E-002
 -0.22154740779583157     
   7.1088765907142797E-004
   9.7555737946056403E-002
   2.3518177476074751     
   5.5348387465473259     
   2.9496498390808066     
   2.1995854618390656     
   1.0000000000000000     
  -8.0664016405642899E-004
  0.15708110118371993     
   1.8627974321054162     
   6.1258978344637036     
   2.7757199597765623     
   2.3620282140184843     
   1.0000000000000000     
   8.5750791005489914E-004
  -6.4341141624115611E-002
  -1.7759383296171076     
   10.309475696521226     
  -1.3603036143879106     
   3.1974693789029187     
   1.0000000000000000     
   7.3812115079447847E-004
   9.6580304127156666E-002
   2.3503114047736138     
   5.2120368383234243     
   3.5008663510102185     
   2.1682586222193025     
   1.0000000000000000     
  -4.4615476710910973E-004
  -9.2954828540999027E-002
  -2.1374219561449701     
  -5.8228274657989179     
   3.4928781330852372     
  -1.4093759718698036     
   1.0000000000000000     
  -8.3239888081306770E-004
 -0.10130844001726161     
  -1.4346682389998231     
   11.793226944270510     
  -1.7604186237972175     
   3.6486363724677036     
   1.0000000000000000     
  -3.3126495889569652E-004
  -8.9422309793499563E-002
   3.7077606731593762     
   2.5157926131471404     
   5.8154865619383322     
   1.6294616624937801     
   1.0000000000000000     
 -0.57596144945601713     
  -7.2548016617810518E-003
  -1.4774288117010492     
  -1.6725321360415990E-003
  -3.9340446890827517E-002
  -3.8706841047835484E-002
   0.0000000000000000     
   0.0000000000000000     
   0.0000000000000000     
   0.0000000000000000     
   0.0000000000000000     
   1.5593562683403475     
  0.45000000000000001     
   3.5000000000000003E-002
   1.0000000000000000     
  -2.9294744346508935E-003
 -0.27242083979370874     
