           7
           1
 -0.61457029946975517     
 -0.22665174839878108     
 -0.14732106767737288     
 -0.17413860462959277     
  -1.9698484956328772     
  -8.1126028014948282E-002
 -0.54200985806874802     
  -4.3476275783109119E-003
  0.33720237262305547     
   1.6044614735650715     
   4.8866768095615871     
   3.8775004693158213     
   2.8906959057094701     
   1.0000000000000000     
  -6.2202127269646440E-003
 -0.14212859176631309     
  -1.3686859371487869     
   4.8426737515384737     
   2.5848630058222550     
   3.4965396902660903     
   1.0000000000000000     
  -2.9596284890294491E-003
 -0.22790594486496202     
  -1.8365825320315228     
  -4.4848455248024957     
 -0.38173417431118406     
  -1.7605376739171485     
   1.0000000000000000     
   4.3073446454968082E-003
 -0.17535464558827293     
  -1.5716733836806309     
   7.0872557190471799     
   2.1084552103655825     
   3.9964710660786662     
   1.0000000000000000     
   4.9706080649688407E-003
  0.19343256832466213     
   2.1038424624288283     
   4.7118102184557369     
   4.0604770816343265     
   2.7784887154601443     
   1.0000000000000000     
   3.1963834827968673E-003
  0.11689898649012094     
  -1.4203310619378355     
  -3.7977872590260482     
  0.67258466732332867     
 -0.67252270049509622     
   1.0000000000000000     
  -2.2825502951429131E-003
 -0.14044834664276989     
   2.9889791363853040     
   4.3267172527172555     
   4.3943854319379190     
   2.5374391093347479     
   1.0000000000000000     
 -0.10442185798410354     
  -2.8035963467322511E-002
  -1.6612624679535384     
  -5.4629393000774629E-003
 -0.50761699543738514     
 -0.24700477440740981     
   0.0000000000000000     
   0.0000000000000000     
   0.0000000000000000     
   0.0000000000000000     
   0.0000000000000000     
   1.3078663278793019     
  0.75000000000000000     
  0.22000000000000000     
   1.0000000000000000     
  -2.3735542378987680E-002
 -0.40508242442968412     
