           7
           1
  0.23009138396299697     
 -0.44114807609237533     
  -2.8049955223531937E-002
  -1.8375114051747767     
  -2.0006291280019860E-002
  -5.2397046098896907E-002
 -0.19398872358791333     
   5.2438656615435729E-004
   8.9897438192120718E-002
   2.2715243423908111     
   6.3064868097455982     
   2.6384257381740990     
   2.5672813066233937     
   1.0000000000000000     
  -4.3861105014454817E-004
  0.14445890384803828     
   1.8999397960650104     
   6.7321166040953759     
   2.3990874924844383     
   2.5370828009753552     
   1.0000000000000000     
   5.3775682806999790E-004
  -9.5715797731076913E-002
  -1.0127448232919818     
   11.274892822837836     
  -1.8997710327040640     
   3.5228567543736147     
   1.0000000000000000     
   4.7433220723628179E-004
   9.1480302950330702E-002
   2.4318628297451905     
   5.3999449833200481     
   3.5775514118652909     
   2.2543873133785288     
   1.0000000000000000     
  -3.0730968379128371E-004
  -8.8444778229072887E-002
  -2.4099930629046367     
  -4.5483724961406820     
   3.7470007298658765     
 -0.91842086676646695     
   1.0000000000000000     
  -5.1759172331592731E-004
 -0.10046935968038130     
  -1.0858049896961637     
   13.032532697703548     
  -2.7395702032732130     
   3.9900862430896846     
   1.0000000000000000     
  -3.0264617781440854E-004
  -6.7331971760660705E-002
   4.0526129311286043     
   1.3110653619946140     
   7.2120824663511156     
   1.3343509445670469     
   1.0000000000000000     
 -0.58018120788726679     
  -4.3668987603447951E-003
  -1.5353881223920403     
  -7.9786715810622327E-004
  -3.8618713193438937E-002
  -3.9554000250471164E-002
   0.0000000000000000     
   0.0000000000000000     
   0.0000000000000000     
   0.0000000000000000     
   0.0000000000000000     
   1.5633609828837363     
  0.45000000000000001     
   2.0000000000000000E-002
   1.0000000000000000     
  -1.1662104474090094E-003
 -0.19396484225018809     
