           7
           1
  -7.5094584714865756E-002
 -0.19414351881370800     
  -3.0127371297120193E-002
 -0.49233164900405918     
  -4.4769928558406440E-002
  -7.1238593146680962E-002
 -0.18601596238859536     
  -7.2703630187224569E-003
 -0.12330498729307339     
  -1.1826157707375822     
   3.2777673393998858     
   2.7811486937635328     
   2.4251064827015356     
   1.0000000000000000     
  -5.3752566855212918E-003
  0.25350162160764500     
   1.8017790405471774     
   3.3306673479889057     
   4.1316854007752397     
   1.9689655068076173     
   1.0000000000000000     
   2.7733520373195947E-003
  0.12396193874104053     
 -0.54501014015491855     
  -4.7070683106099072     
   1.7813963257722836     
  -1.8245558259397796     
   1.0000000000000000     
   5.5491777140265416E-003
  0.18172596699097585     
   1.7917678600077609     
   4.3626290667543390     
   3.4031687377565172     
   2.0367562596006059     
   1.0000000000000000     
  -2.6257655181969328E-003
 -0.20681838785841508     
  -1.5891629446968480     
  -4.4866388532859247     
  0.58198159932177540     
  -2.4783681536364175     
   1.0000000000000000     
   4.7442070204976854E-003
  -7.4915624556247395E-002
  -1.8207796037537001     
   5.3143873960607078     
   2.2403227466853606     
   3.0253894804830681     
   1.0000000000000000     
  -1.1803315591162515E-003
 -0.15576400949090102     
   2.0463130251092703     
   5.5314607986308584     
   2.6347711999567229     
   2.0184121433553419     
   1.0000000000000000     
 -0.45458008538720607     
  -4.2629179608843937E-002
  -1.2018360208737282     
  -1.0956019281533537E-002
  -9.8003047437117408E-002
 -0.11820579737946585     
   0.0000000000000000     
   0.0000000000000000     
   0.0000000000000000     
   0.0000000000000000     
   0.0000000000000000     
   1.4922993586367723     
  0.59999999999999998     
  0.25000000000000000     
   1.0000000000000000     
  -4.3304841066950268E-002
 -0.56111884615596219     
