           7
           1
 -0.50493149000907955     
 -0.16236575321441787     
  -9.2591501049612140E-002
  -1.8141955904878806     
 -0.10095226523954928     
  -5.8530413471547145E-002
 -0.24082628936885342     
  -1.4841181766099662E-003
  0.16145233940179565     
   1.8041769358854389     
   4.4407984587623455     
   4.8804022646567269     
   3.1276522517816900     
   1.0000000000000000     
  -1.9915441715438534E-003
 -0.11120736914377664     
  -1.5657455152682684     
   4.3779122187891835     
   3.4580932835853582     
   4.0316934683701025     
   1.0000000000000000     
  -1.6104378154972643E-003
 -0.14258431052195719     
  -1.6168242551528262     
  -4.5416696448653369     
  -1.4830322102801665     
  -1.6473829392985024     
   1.0000000000000000     
   1.9999999624247507E-003
  0.13057388004803852     
   1.8262646734117436     
   4.6903256499783268     
   4.6766243808694350     
   3.1447290150448977     
   1.0000000000000000     
   1.8687830506096065E-003
 -0.14389705953262288     
   4.6168434714664634E-002
   8.6081728618287467     
   2.4447475262113558     
   4.2204595682848733     
   1.0000000000000000     
   1.6990973284150975E-003
   5.8370214901085375E-003
  -1.5891117554208971     
  -2.6197827002241518     
   1.0249537865407965     
  0.84793872281845106     
   1.0000000000000000     
  -1.8347071826134262E-003
 -0.10382278719495772     
   2.3454483109734161     
   4.7249380019936353     
   4.6006201208554138     
   2.9559742875749477     
   1.0000000000000000     
  -7.4012104746433743E-002
  -1.7474230512285804E-002
  -1.6826540218661274     
  -1.8420852944455723E-003
 -0.52700208750288691     
 -0.43091695359947430     
   0.0000000000000000     
   0.0000000000000000     
   0.0000000000000000     
   0.0000000000000000     
   0.0000000000000000     
   1.1955886806582967     
  0.84999999999999998     
  0.17999999999999999     
   1.0000000000000000     
  -1.2039654934797720E-002
 -0.27149979723457912     
