           7
           1
  -7.7154003046339334E-002
 -0.19342142783805022     
  -3.2182994149697455E-002
 -0.47343034007379087     
  -4.5887112632664540E-002
  -7.4001486885268281E-002
 -0.18419496136230565     
  -8.5328050704544679E-003
 -0.13105922186684169     
  -1.1701575461142981     
   2.9468018394995807     
   2.7205387429246053     
   2.4222336661187400     
   1.0000000000000000     
  -6.2826497709727340E-003
  0.26478495359785076     
   1.8466033204511063     
   3.2386634689816911     
   4.1126259650669530     
   1.9874662130062581     
   1.0000000000000000     
   3.1661366356686002E-003
  0.13008536851154828     
 -0.43688030148351958     
  -4.7329773593553091     
   1.6869641535179725     
  -1.9880660059180835     
   1.0000000000000000     
   6.5212808373027419E-003
  0.19655543976888448     
   1.8080373134250129     
   4.3146269680243927     
   3.4134556392098485     
   2.0373483676094666     
   1.0000000000000000     
  -3.0276972949616838E-003
 -0.22244984706924836     
  -1.5984112798267069     
  -4.5076636873259703     
  0.54075200490177866     
  -2.6414952536847323     
   1.0000000000000000     
   5.5698453043859352E-003
  -7.2255686782357872E-002
  -1.8399281285744233     
   4.8704224613033809     
   2.2807834894851742     
   3.0486370578942417     
   1.0000000000000000     
  -1.1917901307715018E-003
 -0.16818603202310636     
   1.9694781712824567     
   5.6638769747744648     
   2.6231167953220438     
   2.0052719332168549     
   1.0000000000000000     
 -0.46200826904474529     
  -4.8021304965638834E-002
  -1.1731391033469667     
  -1.2415726340693822E-002
 -0.10569887596078481     
 -0.12371786174082543     
   0.0000000000000000     
   0.0000000000000000     
   0.0000000000000000     
   0.0000000000000000     
   0.0000000000000000     
   1.4827670897721568     
  0.59999999999999998     
  0.27500000000000002     
   1.0000000000000000     
  -5.0483392817647604E-002
 -0.58700187457533137     
