           7
           1
  0.36273561988577835     
 -0.37192563925097410     
  -4.1135041158625228E-002
 -0.91771509480739222     
  -2.6125596624017824E-002
  -6.6120964819592093E-002
 -0.23033741987390122     
  -4.3767627603590804E-005
   9.1675401132651296E-002
   2.3137705793888941     
   5.3229857848375373     
   2.9614498372846261     
   2.1968683978193475     
   1.0000000000000000     
  -1.5991245099293216E-003
  0.15106421813419371     
   2.1030744061132607     
   5.1455787049056720     
   3.2140785390042073     
   2.1991615962413360     
   1.0000000000000000     
   1.6124007839985843E-003
   6.1812850838430036E-003
  -2.4062519871563315     
   7.3686451390425685     
 -0.10877706743387411     
   2.5702365824357161     
   1.0000000000000000     
   1.3317514635468274E-003
  0.11642498916166216     
   2.2441154198174327     
   5.1376709699950238     
   3.4585721591216663     
   2.1708864906662910     
   1.0000000000000000     
  -8.4146093341275837E-004
 -0.11739009768869878     
  -1.7383861645097609     
  -6.9250452760894392     
   2.8998264399637055     
  -2.1037647565649258     
   1.0000000000000000     
  -1.6493398638222961E-003
 -0.11631424892948761     
  -1.7671242427850309     
   9.9205183175425269     
 -0.29427158911605150     
   3.3812883192030716     
   1.0000000000000000     
  -1.0407984811285706E-004
 -0.11737507256030717     
   3.1169633749991084     
   4.4447240546566382     
   4.0907593640042776     
   2.0053549439250751     
   1.0000000000000000     
 -0.55536345797533448     
  -1.6117347933795934E-002
  -1.4411904330769356     
  -4.1773202258977189E-003
  -4.2889707648675834E-002
  -5.5841015659917205E-002
   0.0000000000000000     
   0.0000000000000000     
   0.0000000000000000     
   0.0000000000000000     
   0.0000000000000000     
   1.5474441653272413     
  0.45000000000000001     
   7.4999999999999997E-002
   1.0000000000000000     
  -9.8931625994877065E-003
 -0.41227412527275370     
