           7
           1
  0.50517519531206512     
 -0.45824002128812530     
  -4.4723954886342759E-002
 -0.86988378425772872     
  -2.9324461063151633E-002
  -7.5872528555550364E-002
 -0.25045769694320053     
   1.5490254011045707E-005
   5.9273759114050577E-002
   2.3859897764609723     
   5.2746846544951946     
   3.1536007183230379     
   2.0510525559195578     
   1.0000000000000000     
  -1.9385670747572570E-003
  0.10604268014645951     
   2.4104787917663986     
   4.4640725113141180     
   3.7459759581768317     
   1.9983053151560133     
   1.0000000000000000     
   1.9972633090304158E-003
   4.1488323849784223E-002
  -2.4473409647170330     
   4.7766856913599050     
   1.0513631470064457     
   1.9794010193093119     
   1.0000000000000000     
   1.6999989234531456E-003
  0.13489695051838005     
   2.1660115987546678     
   5.1103605040658264     
   3.4281014503501872     
   2.1507196433896421     
   1.0000000000000000     
  -1.1372437811909891E-003
 -0.14133115308603808     
  -1.6411937422755796     
  -6.6135463739839713     
   2.1647867365073319     
  -2.2907666267511564     
   1.0000000000000000     
  -2.1763730489217314E-003
 -0.13035413860777320     
  -1.6951731913005137     
   8.7072976275969562     
  0.53164254661290211     
   3.2581944610351345     
   1.0000000000000000     
   6.5548787028487233E-004
 -0.13610240035929957     
   2.7156996582331030     
   5.6751598930721681     
   3.1158762746744029     
   2.1685497936216036     
   1.0000000000000000     
 -0.55304823962076666     
  -2.0881917875988476E-002
  -1.3912286637214706     
  -5.6532835951748038E-003
  -5.0147530217539954E-002
  -7.0074882431514579E-002
   0.0000000000000000     
   0.0000000000000000     
   0.0000000000000000     
   0.0000000000000000     
   0.0000000000000000     
   1.5361953870089531     
  0.45000000000000001     
  0.10000000000000001     
   1.0000000000000000     
  -1.5443053341380153E-002
 -0.47331811296100701     
