           7
           1
  0.66142989029341481     
 -0.56000118722731462     
  -4.4615556880426656E-002
 -0.81522909348407424     
  -3.0779686081076525E-002
  -8.4271060984660431E-002
 -0.26647933289251041     
   4.5922016365181599E-004
   3.4560217959682102E-002
   2.3149788678049874     
   5.3891875139688308     
   3.1928081363125282     
   1.9636583996429866     
   1.0000000000000000     
  -1.9457798771048305E-003
   6.0846850801214318E-002
   2.5386795732724150     
   4.2392139370835515     
   3.9471689331175241     
   1.8784523284403805     
   1.0000000000000000     
   2.3540370546351304E-003
   6.9375220817522162E-002
  -2.3162185019270161     
   2.1192313345491045     
   1.9295897399881048     
   1.3391423706015215     
   1.0000000000000000     
   2.1739800678156457E-003
  0.15532418424905006     
   2.0785497587039670     
   5.0178982679730826     
   3.4200945878731965     
   2.1232840890618419     
   1.0000000000000000     
  -1.6386278661975648E-003
 -0.16684012066443352     
  -1.6135024769341206     
  -6.0135631059239500     
   1.4789290851804693     
  -2.3862333174543280     
   1.0000000000000000     
  -2.6239412951449253E-003
 -0.15006377659183476     
  -1.5250010876719702     
   7.7124254741183034     
   1.1191224184340898     
   3.1911756982315862     
   1.0000000000000000     
   1.9690318324442195E-003
 -0.13251818396779860     
   2.2071889769913304     
   6.7875686912082420     
   2.3314101327238812     
   2.2618784418250764     
   1.0000000000000000     
 -0.54117818302675347     
  -2.5503188454992776E-002
  -1.3496547061566990     
  -7.1953285532862406E-003
  -6.1034519526961345E-002
  -8.3071585053561867E-002
   0.0000000000000000     
   0.0000000000000000     
   0.0000000000000000     
   0.0000000000000000     
   0.0000000000000000     
   1.5215895325222406     
  0.45000000000000001     
  0.12500000000000000     
   1.0000000000000000     
  -2.1677977441261591E-002
 -0.52259395677980436     
