           7
           1
  0.34074262679033301     
 -0.62095075351891704     
  -5.7163511650660338E-002
  -1.4729751616642512     
  -4.7298705859930713E-002
  -3.0503671415628091E-002
 -0.33115190825976043     
   3.6967792792668748E-004
  0.11077577469224559     
   2.4005312030637467     
   6.2881330438999905     
   3.1167741613650417     
   2.5324807277870898     
   1.0000000000000000     
  -6.2948886273259054E-004
  0.15464481288890480     
   1.8733528989865917     
   6.7838818316937006     
   2.5284449915213991     
   2.5457050728088020     
   1.0000000000000000     
   2.6082999465476764E-004
 -0.13544556924906409     
 -0.37101667439979596     
   14.146627060276904     
  -2.2835725321207674     
   4.1832672435304969     
   1.0000000000000000     
   7.9288747181972808E-004
   8.6470150922567685E-002
   2.3792368377403736     
   5.4477766934936582     
   3.5563401569077366     
   2.2610229646654485     
   1.0000000000000000     
  -1.7188234646508917E-003
  -7.3441916473351602E-003
  0.21537883496234744     
   9.8897900581533005     
 -0.33781732120853319     
   2.9859071607289258     
   1.0000000000000000     
  -8.9585311542622446E-005
  -7.7513041062454949E-002
  -2.2138151994961719     
   1.5522592446618129     
   1.4705246000559800     
  0.97104316011867120     
   1.0000000000000000     
  -2.4748374967663279E-004
  -6.5134752230757167E-002
   4.0465902318537958     
   1.1933547969539520     
   6.9254921545482313     
   1.4072030275649496     
   1.0000000000000000     
 -0.57789938295373888     
  -8.4376122370780626E-003
  -1.5158235882281397     
  -3.4683465344584070E-003
  -2.9098743552517556E-002
  -4.6077340183960681E-002
   0.0000000000000000     
   0.0000000000000000     
   0.0000000000000000     
   0.0000000000000000     
   0.0000000000000000     
   1.5634894769761654     
   4.4999999999999998E-002
   1.0000000000000000E-002
   1.0000000000000000     
  -4.1365135239557899E-003
 -0.86461775464772817     
