           7
           1
 -0.49646842792268719     
 -0.17137771745375943     
 -0.11461577357502653     
  -1.8063642498048755     
 -0.10956530203844642     
  -5.5189379703226148E-002
 -0.32102923245626924     
  -2.5895434440852943E-003
  0.27031870429390792     
   1.5199709857470332     
   5.1582361831185040     
   4.6188836867827119     
   3.3399313454641950     
   1.0000000000000000     
  -3.8972532160748440E-003
 -0.13663837337498022     
  -1.3570002489460842     
   4.3282263809380277     
   3.7430987845903432     
   4.0545651474552793     
   1.0000000000000000     
  -2.3912141613320215E-003
 -0.19661178937448931     
  -1.7013868389527551     
  -4.4272554088875697     
  -1.4892480144500859     
  -1.2537848703679686     
   1.0000000000000000     
   3.3654447522624294E-003
  0.17182318219627268     
   1.9600721472499476     
   4.6799757808594933     
   5.0619561294135265     
   3.1852948339583436     
   1.0000000000000000     
   2.9376223473962727E-003
 -0.19306771112259649     
 -0.81456542453428615     
   6.8869412100822069     
   3.4783574277016354     
   4.2829817549390086     
   1.0000000000000000     
   2.6370787785295179E-003
   6.0803243125478107E-002
  -1.6615544412613146     
  -3.2946179200349790     
 -0.19514444124297869     
  0.28434440919298920     
   1.0000000000000000     
  -2.3399744748195299E-003
 -0.12322136461244548     
   2.9693955726277448     
   3.7383932620949842     
   5.8964215056550939     
   2.8006460876858323     
   1.0000000000000000     
 -0.10713213640678784     
  -2.0579066469469276E-002
  -1.4061294356991980     
  -2.6109146041639053E-003
 -0.61284053808242600     
 -0.53340047391545331     
   0.0000000000000000     
   0.0000000000000000     
   0.0000000000000000     
   0.0000000000000000     
   0.0000000000000000     
   1.1529871452044118     
  0.84999999999999998     
  0.20499999999999999     
   1.0000000000000000     
  -1.5662269630303132E-002
 -0.30785190672597407     
