           7
           1
 -0.37992181706431360     
 -0.14108579374222147     
  -9.6740577846864934E-002
  -1.3653238299294967     
  -9.4132949873975566E-002
  -4.7830989041386766E-002
 -0.28479773447242596     
  -3.0255673540492529E-003
  0.27319357579836112     
   1.7361350052738069     
   5.0440997209935485     
   5.4725233050225093     
   3.6888449633627398     
   1.0000000000000000     
  -4.4888968539318333E-003
 -0.13596959835311831     
  -1.4126189864586502     
   4.0231019327637787     
   4.3098394428311151     
   4.4675393047275103     
   1.0000000000000000     
  -2.5408562596966793E-003
 -0.19631821607035382     
  -1.8461957974418441     
  -4.6198227533706033     
  -2.3090172781029321     
  -1.0611033026824059     
   1.0000000000000000     
   3.7470861507236447E-003
  0.17247453506949451     
   2.0530287873860367     
   5.0845931246622396     
   5.5402606327870698     
   3.6058192009007990     
   1.0000000000000000     
   3.2530650711654636E-003
 -0.16755553872164902     
  -1.3954334789514247     
   6.7874555995981662     
   4.0260410280360484     
   4.8410369631823755     
   1.0000000000000000     
   2.7451965002590053E-003
   8.5763003180848049E-002
  -1.4225262863950920     
  -4.0817961212654561     
 -0.64306005894898055     
  0.29839793603403192     
   1.0000000000000000     
  -2.2511515832799251E-003
 -0.12657443561912102     
   2.7440375704928508     
   5.0470088734708529     
   5.7167134405442157     
   3.3587554318436275     
   1.0000000000000000     
  -9.4852337328871883E-002
  -2.3881899808353313E-002
  -1.7851725525877931     
  -3.4777392751461078E-003
 -0.60844661814246770     
 -0.55648147343340715     
   0.0000000000000000     
   0.0000000000000000     
   0.0000000000000000     
   0.0000000000000000     
   0.0000000000000000     
   1.0344973188129685     
  0.84999999999999998     
  0.23000000000000001     
   1.0000000000000000     
  -1.9728486035330228E-002
 -0.34243923965156958     
