           6
           1
  -7.6176532109360710E-003
  0.40712262763397450     
  -4.6442538552246650E-002
  -1.6563790301028326E-002
  -1.0749028058526120     
 -0.56693050135631573     
   2.7148527477656524E-002
  -3.2045933243712095     
   13.114210725975649     
  -2.3892241272841273     
   3.9840894554639164     
   1.0000000000000000     
  -2.5348303330122439E-002
   4.0587035797424837     
   6.7980848009211385     
  -2.4219699839122399     
   6.3051450811685337     
   1.0000000000000000     
  -3.1004516620023150E-002
  -1.3982242065810928     
   20.240048742213101     
  -8.5196741655794632     
   6.6754625135975383     
   1.0000000000000000     
  -2.6701207676506813E-002
  -3.0661248221536481     
  -1.2447161039466259     
   1.6659317834109839     
   1.1604412825473427     
   1.0000000000000000     
   2.7999173998310253E-002
   2.9558955106337930     
   5.7965781128398222     
   4.5286108007460655     
   3.2243922165447825     
   1.0000000000000000     
  -2.5342794414987876E-002
   4.0209620832221047     
   5.5967636327577983     
  0.41456418165588993     
   5.2091837151694156     
   1.0000000000000000     
  -4.0068628854383892E-004
 -0.88846356004167615     
  -8.8312267761407881E-003
  -1.8484846891637350     
 -0.22034518984162468     
   0.0000000000000000     
   0.0000000000000000     
   0.0000000000000000     
   0.0000000000000000     
   1.3195512354847925     
  0.59999999999999998     
   2.5000000000000001E-002
   1.0000000000000000     
  -7.4267654623029857E-004
 -0.10395057738028390     
