 alpha:
  0.90000000000000002     
 delta:
  0.17999999999999999     
 a:
   1.0000000000000000     
 npol:
           4
 nc:
           0
 c:
  0.25448823852331198     
   3.4404571992018532E-002
  0.12087456798004996     
   1.3547667999679913     
 mu:
 -0.18712750807344292     
   3.1363454858429058     
   4.1337149072578958     
   1.0000000000000000     
  0.20456052516139275     
  -3.3604222987616263     
   3.4768384565534500     
   1.0000000000000000     
 -0.19141848627184471     
  -2.7824044048813232     
   1.9193697040030069     
   1.0000000000000000     
  0.19343764827231014     
   2.7901500711936773     
   3.9279815606576292     
   1.0000000000000000     
 wr:
  -2.4303061092404848E-003
  -7.8218145176188469E-002
 -0.81471437036068628     
  -3.0546677575411474     
 wi:
   0.0000000000000000     
   0.0000000000000000     
   0.0000000000000000     
   0.0000000000000000     
 energy:
  -1.0261570731555012E-002
 coherence:
 -0.23801553986977605     
