 alpha:
  0.84999999999999998     
 delta:
  0.15609100000000001     
 a:
   1.0000000000000000     
 npol:
           4
 nc:
           0
 c:
  0.13143543481247735     
   1.5634662747704078     
   3.7774788082625001E-002
  0.30126747500594475     
 mu:
  -7.8645074987222521E-002
  -1.2875433537367673     
  0.52100424538954981     
   1.0000000000000000     
   7.9555590462139600E-002
   1.2919094377532379     
   2.2799166226297158     
   1.0000000000000000     
   8.6627631130288180E-002
  -1.5687287254544293     
   1.5038067183172248     
   1.0000000000000000     
  -7.7293760659609342E-002
   1.3999029762557258     
   2.4414905013560939     
   1.0000000000000000     
 wr:
  -2.6089317656788902E-003
 -0.79675046679420480     
  -6.9374217444030495E-002
  -1.4256630286519894     
 wi:
   0.0000000000000000     
   0.0000000000000000     
   0.0000000000000000     
   0.0000000000000000     
 energy:
  -8.8404254992974912E-003
 coherence:
 -0.23472347682886921     
