 alpha:
  0.90000000000000002     
 delta:
  0.17999999999999999     
 a:
   1.0000000000000000     
 npol:
           5
 nc:
           0
 c:
   3.3656222144532635E-002
  0.10457212003349084     
  0.97050420986714059     
  0.20572349738050189     
   6.1677661575414489E-002
 mu:
   3.4944173068383697E-002
  -1.1374523295836352     
  -1.3239433587540359     
   4.4086914759513496     
   1.0000000000000000     
  -3.3255778242203000E-002
  -1.1528483109651668     
   7.3864207731017908     
   4.8224431042255818     
   1.0000000000000000     
   3.5683821369868793E-002
   1.2749186454964385     
   5.7944937086839525     
   4.5370559378194111     
   1.0000000000000000     
  -3.0639096558228451E-002
   1.6310011364897126     
   5.4955355798871421     
   4.5288827547607209     
   1.0000000000000000     
  -3.4737569519106129E-002
  -1.2257031706159642     
  -5.4627124786010315     
   1.5595210908216488     
   1.0000000000000000     
 wr:
  -3.0572135339655186E-002
  -1.5272678772118020E-003
  -2.1579771968154908     
 -0.25204160313492607     
  -2.1144986430126291     
 wi:
   0.0000000000000000     
   0.0000000000000000     
   0.0000000000000000     
   0.0000000000000000     
   0.0000000000000000     
 energy:
  -1.0419020604904745E-002
 coherence:
 -0.23851904984116998     
