 alpha:
  0.75000000000000000     
 delta:
  0.26794899999999999     
 a:
   1.0000000000000000     
 npol:
           5
 nc:
           0
 c:
  -1.0491928910567432     
 -0.36716362376138661     
 -0.21723997190309158     
 -0.10244725839547655     
  -8.2222949302638834E-002
 mu:
  0.12374844652240373     
   1.8026374514374433     
   6.2896397727762663     
   4.5859641500464905     
   1.0000000000000000     
 -0.10125399758654439     
   2.7493606761975506     
   5.3888939843480346     
   4.4648720896753193     
   1.0000000000000000     
  -7.9354128373728891E-002
  -1.6712882851770705     
   8.2796769470580784     
   5.1921356825505560     
   1.0000000000000000     
 -0.12313918223895010     
  -1.6210815537395384     
  -5.7719085209668810     
  0.87996680364355750     
   1.0000000000000000     
  0.11899134428626822     
  -1.4798643715217568     
  -2.8476636489975622     
   3.2737559290335336     
   1.0000000000000000     
 wr:
  -1.1604309570250371E-002
 -0.34483632672128139     
  -2.0655923714535307     
  -7.2721162137872719E-002
  -2.1083735244636106     
 wi:
   0.0000000000000000     
   0.0000000000000000     
   0.0000000000000000     
   0.0000000000000000     
   0.0000000000000000     
 energy:
  -3.4173313346991793E-002
 coherence:
 -0.46637931024710966     
