 alpha:
  0.78000000000000003     
 delta:
  0.23364799999999999     
 a:
   1.0000000000000000     
 npol:
           5
 nc:
           0
 c:
  0.22792420420279863     
   8.4846912957562859E-002
   1.3390983723432905     
  0.11296859539697092     
  0.43048113807555277     
 mu:
 -0.10260447455612438     
  -1.7980987906570685     
   9.8723860251621041     
   4.4929920487743784     
   1.0000000000000000     
  0.13587241529803937     
  -2.2516576091807954     
  -1.0494727267343014     
   3.2334733122460144     
   1.0000000000000000     
  0.13729949960396240     
   2.2014554347860016     
   6.5071043147512073     
   4.5291790695110103     
   1.0000000000000000     
 -0.13630206231050765     
  -1.9963599860479047     
  -5.8032768713333711     
   1.1441984301742050     
   1.0000000000000000     
 -0.10950522182119439     
   3.4369532218867360     
   4.9756869812240261     
   4.7834949229670674     
   1.0000000000000000     
 wr:
  -8.0101722861800236E-003
 -0.48676100159987834     
  -2.0140251392284099     
  -6.1884707235437042E-002
  -2.0140249745988608     
 wi:
   0.0000000000000000     
   0.0000000000000000     
   0.0000000000000000     
   0.0000000000000000     
   0.0000000000000000     
 energy:
  -2.4501419859282343E-002
 coherence:
 -0.40028738769790129     
