 alpha:
  0.29999999999999999     
 delta:
   2.9999999999999999E-002
 a:
   1.0000000000000000     
 npol:
           6
 nc:
           1
 c:
  0.63736020621321454     
   2.5800508054772103E-002
  0.29744265028324174     
   7.5180084420275475E-002
   5.8239305569550329E-002
   1.8725938954604084     
 mu:
  -1.2056182684103195E-002
   1.2703110215278786     
  0.97797508177441439     
   9.0237348428201933     
   3.2951881447237330     
   1.0000000000000000     
  -6.7468745848922370E-003
 -0.67704821439212803     
  -3.5752965486690083     
  -6.0815623686304834     
  0.75825497188330071     
   1.0000000000000000     
  -1.0504886396439714E-002
 -0.14701349830527602     
   8.2240994048505112     
  0.62703406917432580     
   5.8588771228523413     
   1.0000000000000000     
  -1.8388312701415860E-002
 -0.64264510035686162     
  0.27304601250074906     
   7.1822510944624165     
   3.9344925279655683     
   1.0000000000000000     
   1.5607808696527324E-002
 -0.94864116675075116     
   2.7572918884946462     
   4.8183552717157596     
   4.7147801048642384     
   1.0000000000000000     
   1.5192490433595654E-002
  0.68694146251713983     
   3.7637999941447302     
   5.6668976433371752     
   4.3103199699638308     
   1.0000000000000000     
 wr:
  -4.4275933623013908E-003
 -0.44551933981944170     
  -1.5541722532721902E-002
  -2.0322466618812958     
 -0.86023817771984190     
 wi:
   0.0000000000000000     
   0.0000000000000000     
   0.0000000000000000     
   0.0000000000000000     
   6.9117221758939421E-003
 energy:
  -4.8662657924449142E-003
 coherence:
 -0.44359414996354568     
