 alpha:
  0.45000000000000001     
 delta:
   5.0000000000000003E-002
 a:
   1.0000000000000000     
 npol:
           6
 nc:
           1
 c:
 -0.10184951263378708     
 -0.33742201401195893     
  -3.7941238762735446E-002
 -0.48972876850804603     
  -5.9268619049192811E-002
  -1.8966669247317549     
 mu:
  -2.1316572466061164E-002
 -0.92328362438323752     
   2.6100834089944303     
   5.1147878098331363     
   2.4320131664578071     
   1.0000000000000000     
  -1.3068754332670861E-002
  -4.0998707294784359E-002
   9.2927201195981777     
  -1.6684362159090831     
   4.2832113406474770     
   1.0000000000000000     
  -1.3285899091545978E-002
 -0.82399784237098672     
  -4.9100573925458706     
 -0.91711085098957312     
  -1.1566914815144749     
   1.0000000000000000     
  -1.7287774707123935E-002
   1.7108303876052302     
  0.80458991148118031     
   7.6334865923350659     
   1.5367087589217536     
   1.0000000000000000     
   2.0672714262489452E-002
  -1.0869289382243168     
   1.8650246292179213     
   4.1958600698290853     
   2.1208920176140129     
   1.0000000000000000     
   1.9283508036864693E-002
  0.87142371156314891     
   4.5871765721954807     
   3.4183820428637137     
   2.7805739706372377     
   1.0000000000000000     
 wr:
  -3.5777794346664449E-003
 -0.23783553669775537     
  -1.7729754448715940E-002
  -1.8125103079792049     
 -0.31241524757629197     
 wi:
   0.0000000000000000     
   0.0000000000000000     
   0.0000000000000000     
   0.0000000000000000     
   1.3591332844048041     
 energy:
  -5.2075375028059921E-003
 coherence:
 -0.33345474598538899     
