 alpha:
  0.80000000000000004     
 delta:
  0.21114600000000000     
 a:
   1.0000000000000000     
 npol:
           6
 nc:
           1
 c:
   8.3168979404046411E-002
   1.7730159040380353     
  0.13430898243340786     
  0.61107457956758349     
  0.12181557201487551     
  0.25155162075321236     
 mu:
   2.5047781028585039E-002
 -0.30776755502501385     
  -3.6981060886049271     
  -9.8519172219395830E-003
   1.7735890778097203     
   1.0000000000000000     
   2.9562634258658592E-002
  0.88196967553445804     
   3.6322523135969864     
   5.9746714363661404     
   4.0039535427502662     
   1.0000000000000000     
  -2.6254243121600060E-002
 -0.86975414676672691     
  -3.4191453204754452     
  -3.1033648826374840     
  0.43939926684672953     
   1.0000000000000000     
  -2.5684426705950846E-002
   1.0580350782918735     
   3.6115448034874773     
   5.9856370335456432     
   3.8785541355520610     
   1.0000000000000000     
   3.2615532196113489E-002
  -1.3462837705681459     
   8.0124760700786304     
   3.0310094501627951     
   5.6260005525092271     
   1.0000000000000000     
  -2.9775526590636467E-002
 -0.67875278945666684     
   2.6922152923449727     
   5.9636278791163129     
   4.6405568369240457     
   1.0000000000000000     
 wr:
  -4.6452672005837248E-003
 -0.41545025374023059     
  -3.7652039027567752E-002
  -1.6470251017616646     
 -0.96863148085747885     
 wi:
   0.0000000000000000     
   0.0000000000000000     
   0.0000000000000000     
   0.0000000000000000     
  0.37397316691994420     
 energy:
  -1.9091052789901558E-002
 coherence:
 -0.35384448565497811     
