 alpha:
  0.29999999999999999     
 delta:
   1.0000000000000000E-002
 a:
   1.0000000000000000     
 npol:
           6
 nc:
           0
 c:
  0.48356915732832395     
   9.7898118181957341E-003
  0.10933520260650595     
   3.0313424775239840E-002
   2.4056549002847871E-002
   1.7536271053355708     
 mu:
  -4.6600260140461716E-003
   1.0197297786520845     
   2.0117398688883696     
   8.2348837326416042     
   3.5900592113699852     
   1.0000000000000000     
  -3.0742816663744356E-003
 -0.71132644683212498     
  -3.6920403853617203     
  -4.0341158272372839     
   1.7892774352857532     
   1.0000000000000000     
  -6.2456494134295023E-003
  -8.4003477190171941E-002
   9.1300410770084657     
  -1.3056129685314022     
   6.5619094720428714     
   1.0000000000000000     
  -6.8795983446438237E-003
 -0.68695811830777465     
   1.8450596598631248     
   7.5284626327047333     
   4.0611233883508664     
   1.0000000000000000     
   5.5112155400823537E-003
 -0.85903586340018767     
   7.0171625549059993     
   1.0796372314720779     
   6.2048994613731230     
   1.0000000000000000     
   5.8746382543296777E-003
  0.71223689655191869     
   3.7295107941663219     
   5.9020345909095653     
   4.3257737542659020     
   1.0000000000000000     
 wr:
  -1.3073756546199411E-003
 -0.45535875894389288     
  -5.9468835625637873E-003
  -2.0574587331365164     
 -0.87025893671622001     
 -0.87236628154803231     
 wi:
   0.0000000000000000     
   0.0000000000000000     
   0.0000000000000000     
   0.0000000000000000     
   0.0000000000000000     
   0.0000000000000000     
 energy:
  -1.0640241101363801E-003
 coherence:
 -0.29745097217976496     
