 alpha:
  0.84999999999999998     
 delta:
  0.15609100000000001     
 a:
   1.0000000000000000     
 npol:
           6
 nc:
           1
 c:
  0.11290115113819454     
   1.8631941988296872     
   4.5569817448081119E-002
  0.19941682608214081     
  0.45024617474189843     
   7.2205530826426084E-002
 mu:
  -5.3368588651775640E-003
 -0.27752366866615025     
  -1.6753616219284517     
   1.2715077159574171     
  -1.7204650230176031     
   1.0000000000000000     
   5.5964373929495211E-003
  0.28958216230156020     
   1.6171709159323644     
   1.2950686805256255     
   1.0096472978148345     
   1.0000000000000000     
   5.1403779839089697E-003
 -0.13731156919940760     
  -1.7397705251321669     
   1.8629591376325483     
  -1.2023492878347464     
   1.0000000000000000     
  -5.5222590422098249E-003
 -0.26358243763817091     
   1.8587751801173003     
   1.1179368371946934     
   1.2755931185709679     
   1.0000000000000000     
  -5.2516316837474489E-003
  0.34707356685271712     
   1.5970719692468742     
   1.2789093187086800     
  0.98136323175574447     
   1.0000000000000000     
   6.1650113531052471E-003
 -0.40354192614787021     
   3.4654409597958669     
 -0.46395335065791421     
   1.8760064472580398     
   1.0000000000000000     
 wr:
  -1.4365075283793438E-003
 -0.17993764627089834     
  -2.1400326695114824E-002
  -1.0577347077100818     
  0.11619549286582954     
 wi:
   0.0000000000000000     
   0.0000000000000000     
   0.0000000000000000     
   0.0000000000000000     
   1.1546526706813403     
 energy:
  -8.9891889166798470E-003
 coherence:
 -0.23549567360667975     
