 alpha:
  0.29999999999999999     
 delta:
   7.0000000000000007E-002
 a:
   1.0000000000000000     
 npol:
           6
 nc:
           1
 c:
  0.58573652613642768     
  0.12261323507305213     
  0.10338365256658959     
  0.43208707954872455     
   4.1039116864200496E-002
   1.6269425790123233     
 mu:
  -2.6808101007471500E-002
   1.5135765472813969     
  0.40871024872363615     
   8.7347503524200061     
   3.2258650504033195     
   1.0000000000000000     
  -3.3581981745529170E-002
 -0.61862262515537902     
  -1.1669780152995466     
   6.0692700857386246     
   3.8826549530635566     
   1.0000000000000000     
   3.0332883611162959E-002
 -0.79223805607463782     
  0.17386297662459138     
   4.9165990934146828     
   4.2368116537858285     
   1.0000000000000000     
  -1.2794716920327581E-002
 -0.33259532291445171     
   7.5631485582823954     
   2.0254577189950478     
   5.2755946891077929     
   1.0000000000000000     
  -1.0300523596672865E-002
 -0.70100011620700575     
  -2.6542252646036388     
  -8.1865610283469188     
 -0.70323717638085281     
   1.0000000000000000     
   2.8643091957058591E-002
  0.70386682878301765     
   3.6089409893287878     
   5.5123064822298087     
   4.1711042291349054     
   1.0000000000000000     
 wr:
  -9.7989729696766059E-003
 -0.45505980115579603     
  -3.4336263157830893E-002
  -1.9537894796709590     
 -0.83107983583572076     
 wi:
   0.0000000000000000     
   0.0000000000000000     
   0.0000000000000000     
   0.0000000000000000     
   1.3645172241039866E-002
 energy:
  -1.5275188815783056E-002
 coherence:
 -0.58062742215049146     
