 alpha:
  0.29999999999999999     
 delta:
   8.9999999999999997E-002
 a:
   1.0000000000000000     
 npol:
           6
 nc:
           0
 c:
  0.63192814690121790     
  0.16018937480765022     
  0.13996204581351715     
  0.53465413630600667     
   5.4501082819097969E-002
   1.7489997112625240     
 mu:
  -2.8450797559621367E-002
   1.3458455984511331     
  0.68163494268630676     
   8.1956481002339530     
   3.4955151602919803     
   1.0000000000000000     
  -3.1886330660194383E-002
 -0.54379019565357833     
  -1.7378759410927951     
   5.7016228344587851     
   4.0781047066956857     
   1.0000000000000000     
   2.9866464058638829E-002
 -0.56815344544225754     
 -0.82939590986141964     
   5.0027752889456334     
   4.2727038240703168     
   1.0000000000000000     
  -9.6996683425880446E-003
 -0.39157175579078668     
   6.7292375749044711     
   3.2025264021149353     
   5.0737852595684876     
   1.0000000000000000     
  -8.8985264770329621E-003
 -0.62159818541457701     
  -2.1784664785396970     
  -8.8461996567669772     
  -1.0859884029601723     
   1.0000000000000000     
   2.7432930336706546E-002
  0.63508697856449359     
   3.3927173777854454     
   5.7312609800841248     
   4.2232700092238700     
   1.0000000000000000     
 wr:
  -1.1701687929691784E-002
 -0.43715106728970132     
  -4.2303153901386170E-002
  -1.8821626950107850     
 -0.44758972726064578     
  -1.3783396866297988     
 wi:
   0.0000000000000000     
   0.0000000000000000     
   0.0000000000000000     
   0.0000000000000000     
   0.0000000000000000     
   0.0000000000000000     
 energy:
  -2.1303432639675671E-002
 coherence:
 -0.62326567250184861     
