 alpha:
  0.45000000000000001     
 delta:
   7.0000000000000007E-002
 a:
   1.0000000000000000     
 npol:
           6
 nc:
           1
 c:
 -0.12170500492516245     
 -0.36873269903536476     
  -4.4430904118501889E-002
 -0.60765644651439821     
  -8.6095507889854692E-002
  -1.9148854399789847     
 mu:
  -2.5408456172742434E-002
 -0.79761470210234053     
  0.19325232653631111     
   6.1784269510404553     
   2.0625873046116907     
   1.0000000000000000     
  -1.1654837867213455E-002
 -0.39359826576708989     
   9.4811543794836322     
  -1.1817322569714570     
   4.2224205946080806     
   1.0000000000000000     
  -1.2432269234810675E-002
 -0.78127508488661945     
  -4.5667077105642209     
  -2.6290764758229281     
  -1.6798129376360129     
   1.0000000000000000     
  -2.0588577067055934E-002
   1.5141489511840425     
   1.6883447777995235     
   6.4393290350203847     
   1.9709601296221788     
   1.0000000000000000     
   2.3480917164896399E-002
 -0.88670088760551435     
  0.32207624499767579     
   4.9483570884996340     
   1.9555896793808860     
   1.0000000000000000     
   2.1967751439691891E-002
  0.80685286182234628     
   4.4867025244369154     
   3.6146564314653400     
   2.7965061970180156     
   1.0000000000000000     
 wr:
  -5.2519585822428660E-003
 -0.21125342219589918     
  -2.3163775502166972E-002
  -1.7918791153319744     
 -0.35454809389025510     
 wi:
   0.0000000000000000     
   0.0000000000000000     
   0.0000000000000000     
   0.0000000000000000     
   1.3521764429592471     
 energy:
  -8.8789701965153456E-003
 coherence:
 -0.39826368023592607     
