 alpha:
  0.75000000000000000     
 delta:
  0.28999999999999998     
 a:
   1.0000000000000000     
 npol:
           7
 nc:
           1
 c:
 -0.54042779733319768     
 -0.22460231026683550     
 -0.14741390403236815     
 -0.18579835673966091     
  -1.6199639848893601     
  -9.7120398954615619E-002
 -0.55045622280417650     
 mu:
  -9.8694009077570956E-003
  0.55560228724951910     
   1.6712503568527166     
   4.8242157011694120     
   2.8072654901498488     
   2.4175369495374288     
   1.0000000000000000     
  -1.4238719309570077E-002
 -0.20151275061577739     
  -1.5024583101734539     
   4.8505752533271673     
   1.1705361294433860     
   2.9236623132747721     
   1.0000000000000000     
  -6.0614839051875173E-003
 -0.36625843222842447     
  -2.0117251493287580     
  -4.6283677197880930     
  0.85816466348980047     
  -2.7937164430998966     
   1.0000000000000000     
   9.6164952320306162E-003
 -0.26289888217491286     
  -1.8513207769490734     
   7.1483900148168242     
  0.65574977091567954     
   3.6016629422863571     
   1.0000000000000000     
   1.1200667528771744E-002
  0.30208762520649990     
   2.4504575543554838     
   4.4037609281561378     
   3.1918216059449449     
   2.2493653085367487     
   1.0000000000000000     
   6.3860124755555974E-003
  0.19066781200167499     
  -1.5579910613792192     
  -3.4531321227613745     
   1.2052931304622958     
  -1.5249316314288812     
   1.0000000000000000     
  -4.2731993717898412E-003
 -0.20283848200491722     
   3.5605627541462783     
   3.8108377460008955     
   3.7070882581050753     
   1.9772224509734617     
   1.0000000000000000     
 wr:
 -0.14521191257277094     
  -4.2228402842666490E-002
  -1.5112923078442464     
  -8.9730721258426960E-003
 -0.57207305606213232     
  -1.6969782804830347E-004
 wi:
   0.0000000000000000     
   0.0000000000000000     
   0.0000000000000000     
   0.0000000000000000     
   0.0000000000000000     
   1.3750939611498223     
 energy:
  -3.9481849618433068E-002
 coherence:
 -0.49138592885942955     
