 alpha:
  0.90000000000000002     
 delta:
  0.33000000000000002     
 a:
   1.0000000000000000     
 npol:
           7
 nc:
           1
 c:
 -0.51795898257694262     
 -0.23058131922010605     
 -0.16552254318874188     
  -1.8326470949318994     
 -0.16166481531682611     
  -9.7487683954150889E-002
 -0.49677172236675476     
 mu:
  -1.5735570217702412E-002
  0.99998357450054398     
   3.8805170189728031     
   8.6506336951682918     
   7.3557263482568853     
   4.2439790673212681     
   1.0000000000000000     
  -2.3445851614388547E-002
 -0.44062637778096342     
  -2.8826016749113106     
   8.0086729280383206     
   4.9611412705803364     
   5.1754283715308489     
   1.0000000000000000     
  -1.2037632436229156E-002
 -0.66890529991762371     
  -4.3564161999535731     
  -7.6716805843036235     
  -2.7136858015329350     
  -1.4250228610839262     
   1.0000000000000000     
   1.9042307372883188E-002
  0.58192083314355869     
   4.9041418639965979     
   8.6831148695007450     
   7.4570981277240573     
   4.1165060463118222     
   1.0000000000000000     
   1.6573102674288239E-002
 -0.55027509285565357     
  -3.5337485084012359     
   12.987317284809118     
   4.4182615291966325     
   5.9617137197336474     
   1.0000000000000000     
   1.2348610475616676E-002
  0.33379472163261459     
  -3.2719736785433833     
  -6.1947193086810470     
 -0.43565236514141853     
  0.16281097229001407     
   1.0000000000000000     
  -9.6898914987528523E-003
 -0.35756429828730452     
   6.6914269546249123     
   8.1098662714110823     
   7.9421705770816535     
   3.7821849442310449     
   1.0000000000000000     
 wr:
 -0.13430159658288465     
  -3.6569484475087122E-002
  -2.0355247566918537     
  -6.1963293877259074E-003
 -0.90634543948015356     
 -0.51416532442176277     
 wi:
   0.0000000000000000     
   0.0000000000000000     
   0.0000000000000000     
   0.0000000000000000     
   0.0000000000000000     
   1.2905268705356194     
 energy:
  -3.5719445323142085E-002
 coherence:
 -0.42650054142284338     
