 alpha:
  0.90000000000000002     
 delta:
  0.30499999999999999     
 a:
   1.0000000000000000     
 npol:
           7
 nc:
           1
 c:
 -0.46277198114935397     
 -0.19891075702437871     
 -0.14233943483595193     
  -1.6738710222854050     
 -0.13575265024433558     
  -7.8584604617174050E-002
 -0.41145486764073846     
 mu:
  -1.3431265902687220E-002
  0.95119126912686569     
   3.1835596883200776     
   7.8511434973486054     
   5.4118946322162982     
   4.1277404523242991     
   1.0000000000000000     
  -1.9999850486078458E-002
 -0.41721944770546265     
  -2.5125934902101505     
   8.5233407608301093     
   2.5480154688942758     
   5.1664787076712582     
   1.0000000000000000     
  -1.0801195658559300E-002
 -0.62585264095726922     
  -3.9868377098067302     
  -5.7614994940885653     
  -2.2866435575137891     
  -1.5207178973247377     
   1.0000000000000000     
   1.6456435335744823E-002
  0.54307888199412591     
   4.5524817836442013     
   6.7803454626980644     
   6.2209874523720528     
   3.8784009946468188     
   1.0000000000000000     
   1.4401898835678056E-002
 -0.56882218936517226     
  -2.5425986878469033     
   12.464893018394196     
   1.9736755362405647     
   5.8332078852983846     
   1.0000000000000000     
   1.1204920046533241E-002
  0.29165341924873545     
  -3.6848870237490994     
  -3.7738269233551214     
  -1.0704678631193802     
   9.7386878213647332E-002
   1.0000000000000000     
  -9.0591137241084422E-003
 -0.33735764571704641     
   6.9694745614996423     
   4.6393800913288219     
   7.7201367315901823     
   3.3597647985999188     
   1.0000000000000000     
 wr:
 -0.13369594769814225     
  -3.2665050196210688E-002
  -2.0781078373964084     
  -5.1358430058257021E-003
  -1.1319129670028620     
 -0.26890728127923491     
 wi:
   0.0000000000000000     
   0.0000000000000000     
   0.0000000000000000     
   0.0000000000000000     
   0.0000000000000000     
   1.1839154008238255     
 energy:
  -3.0559185586560896E-002
 coherence:
 -0.39886885020644192     
