 alpha:
  0.90000000000000002     
 delta:
  0.23000000000000001     
 a:
   1.0000000000000000     
 npol:
           7
 nc:
           1
 c:
 -0.55499881430430287     
 -0.19372269521053756     
 -0.11784618445630698     
  -1.9670859319484246     
 -0.12074447205696001     
  -7.6228650076784366E-002
 -0.28028917459487729     
 mu:
  -3.6562523667804498E-003
  0.32261117764806574     
   2.4272965440732839     
   6.0618845179379166     
   6.6772459550290888     
   4.0165082139972919     
   1.0000000000000000     
  -5.3064239392087379E-003
 -0.20376005980313172     
  -2.0605951329771139     
   4.4018759667417688     
   5.2464260316554414     
   5.0635939447518625     
   1.0000000000000000     
  -4.0892483032785717E-003
 -0.27029208871766192     
  -2.2938106382518031     
  -5.6768758639214605     
  -3.4413816617224660     
  -1.3385964391000660     
   1.0000000000000000     
   5.2097629834246817E-003
  0.24462465570343767     
   2.6208690562085244     
   6.0492507603336145     
   6.7394129895471391     
   3.9517473927669093     
   1.0000000000000000     
   4.6541311062593509E-003
 -0.28402380760059115     
  0.10122860729878017     
   9.9147980504145181     
   5.2209008023431682     
   5.0815842169247745     
   1.0000000000000000     
   4.2995148706421824E-003
   1.3474577113879600E-002
  -2.1721302703761243     
  -3.5699850394937527     
  0.10062186704858091     
   1.5014468687652074     
   1.0000000000000000     
  -4.7282249797676642E-003
 -0.16959348452448522     
   3.4688713377748335     
   5.7770215679118468     
   7.0153220215329632     
   3.5966586271694179     
   1.0000000000000000     
 wr:
 -0.10346766398765944     
  -2.4452043673856783E-002
  -1.4699357271497040     
  -2.4683269022836574E-003
 -0.94403229714732673     
 -0.72021493642681123     
 wi:
   0.0000000000000000     
   0.0000000000000000     
   0.0000000000000000     
   0.0000000000000000     
   0.0000000000000000     
  0.93187459247880622     
 energy:
  -1.7288078436949253E-002
 coherence:
 -0.30665586571943404     
