 alpha:
  0.90000000000000002     
 delta:
  0.30499999999999999     
 a:
   1.0000000000000000     
 npol:
           7
 nc:
           1
 c:
 -0.46439515220405847     
 -0.19880671716054404     
 -0.14239723969223972     
  -1.6755514776538882     
 -0.13591761390155402     
  -7.8597953139577320E-002
 -0.41133370910898304     
 mu:
  -1.3848587484361038E-002
  0.98023878319704461     
   3.0649828322880195     
   8.0957487572914957     
   5.3065734397388953     
   4.1692612322284246     
   1.0000000000000000     
  -2.0787283929157213E-002
 -0.42000388629760360     
  -2.5039360514914155     
   8.4766059609277811     
   2.6111823204755886     
   5.1759156015527807     
   1.0000000000000000     
  -1.1226930316371243E-002
 -0.63906445555760349     
  -3.9524765534043786     
  -5.8339209421105673     
  -2.3001998694500934     
  -1.5143455589569534     
   1.0000000000000000     
   1.7096366216708118E-002
  0.55181027846659780     
   4.5505522502605666     
   6.7844103381793115     
   6.2896595799968420     
   3.8840744471899957     
   1.0000000000000000     
   1.4903759845326828E-002
 -0.59243500972609431     
  -2.4056975567414010     
   12.156617408041864     
   2.2419110926514518     
   5.8041071208916328     
   1.0000000000000000     
   1.1652470008154652E-002
  0.29170601240007749     
  -3.7288265199511468     
  -3.6694460469909154     
  -1.1958249220172108     
  0.13304552471767367     
   1.0000000000000000     
  -9.4533011704923207E-003
 -0.33695190860971463     
   7.0251021338066915     
   4.5139316136160739     
   7.8903590532684893     
   3.3428339151027200     
   1.0000000000000000     
 wr:
 -0.13825100393917195     
  -3.3224190300737311E-002
  -2.0691900576267912     
  -5.1504541260417591E-003
  -1.1247360706630070     
 -0.27931603975256120     
 wi:
   0.0000000000000000     
   0.0000000000000000     
   0.0000000000000000     
   0.0000000000000000     
   0.0000000000000000     
   1.1796541626728696     
 energy:
  -3.0559192597440200E-002
 coherence:
 -0.39886970727977084     
