 alpha:
  0.50000000000000000     
 delta:
   3.5000000000000003E-002
 a:
   1.0000000000000000     
 npol:
           7
 nc:
           1
 c:
  0.14967909589878528     
 -0.34996971574789032     
  -3.0820296296846881E-002
  -1.4480771819957141     
  -2.3394875860667342E-002
  -5.8661225508973756E-002
 -0.19171115846509845     
 mu:
   7.3770027152898960E-004
  0.11018440440973999     
   2.2806062978121804     
   5.4993041740253332     
   3.1071889573637361     
   2.4658142640550267     
   1.0000000000000000     
  -7.6518720148134470E-004
  0.17089622552209774     
   1.8472998927956639     
   6.3383638972690779     
   2.5308280339449376     
   2.3971559899820076     
   1.0000000000000000     
   8.3298667031921167E-004
  -8.0603717521482335E-002
  -1.7223172339262671     
   9.8678573043510553     
  -1.2192261509763582     
   3.0618930480289315     
   1.0000000000000000     
   7.3400256017456926E-004
  0.10671846791495151     
   2.3790186445192805     
   5.1779405000670051     
   3.5171718704901980     
   2.1791440918302922     
   1.0000000000000000     
  -4.9723898025947580E-004
 -0.10477592028817234     
  -2.2187860106087873     
  -5.4061992448160483     
   3.2929614223776378     
  -1.3610053742608224     
   1.0000000000000000     
  -8.1057203587451524E-004
 -0.11210176529948579     
  -1.3154421946139478     
   11.784358688774754     
  -1.7630670316524231     
   3.6478331861745046     
   1.0000000000000000     
  -3.9327378931275120E-004
  -8.8995994923592892E-002
   3.9139751259653059     
   1.9527382844331267     
   6.2721271733515538     
   1.4858846408319626     
   1.0000000000000000     
 wr:
 -0.57869602754541283     
  -6.3192990742785282E-003
  -1.4864754529145134     
  -1.2131957786434035E-003
  -4.5292646487345462E-002
  -2.3397218725976707E-002
 wi:
   0.0000000000000000     
   0.0000000000000000     
   0.0000000000000000     
   0.0000000000000000     
   0.0000000000000000     
   1.5572278994559661     
 energy:
  -2.2428614821420750E-003
 coherence:
 -0.22107825706041362     
