 alpha:
  0.80000000000000004     
 delta:
  0.28000000000000003     
 a:
   1.0000000000000000     
 npol:
           7
 nc:
           1
 c:
 -0.21804348485041114     
  -9.0561244940035118E-002
  -6.1060552036590734E-002
 -0.71001465352792692     
  -6.9226907540268084E-002
  -3.6894962655000890E-002
 -0.21251758915163427     
 mu:
  -3.8883292322507935E-003
  0.23689689367349101     
   2.1594845573099644     
   3.1272707589284412     
   5.3523340473059990     
   2.8734278131816806     
   1.0000000000000000     
  -5.4190425160659354E-003
 -0.13725714709431203     
  -1.2963646952339234     
   3.2231528981138187     
   3.0797831318975089     
   3.6664977429314063     
   1.0000000000000000     
  -2.4874783202152831E-003
 -0.18795450045003845     
  -1.8630682792834390     
  -4.1353488762305579     
  -1.4449789460807692     
  -1.9346564815169744     
   1.0000000000000000     
   4.3015459241441982E-003
  0.17148377449131338     
   1.9575127144955706     
   4.6265923012471113     
   4.3198116202112846     
   3.0238525986799694     
   1.0000000000000000     
   3.7534715222863344E-003
  -9.5525546546958204E-002
  -2.0302634245905788     
   6.1382938991844886     
   2.4232970320721701     
   4.3912777411458448     
   1.0000000000000000     
   2.5974961828178684E-003
  0.11523500053876343     
 -0.82218951689338282     
  -4.3784391223663803     
  0.36977348141861255     
 -0.79626891666467281     
   1.0000000000000000     
  -1.7873751087482512E-003
 -0.12861102107304859     
   2.0916710315264218     
   5.8185605890335168     
   3.5838797921449448     
   3.0091979062859218     
   1.0000000000000000     
 wr:
  -8.1533752334192466E-002
  -3.1122158482415285E-002
  -1.5227283467318389     
  -6.8169907405031260E-003
 -0.66161962568335542     
 -0.35965629804823962     
 wi:
   0.0000000000000000     
   0.0000000000000000     
   0.0000000000000000     
   0.0000000000000000     
   0.0000000000000000     
   1.1796315737262493     
 energy:
  -3.2868529218468015E-002
 coherence:
 -0.44292713769192976     
