 alpha:
  0.50000000000000000     
 delta:
   1.0000000000000000E-002
 a:
   1.0000000000000000     
 npol:
           7
 nc:
           1
 c:
 -0.35634695924074283     
 -0.32791877677246500     
  -4.8024549841973477E-002
  -1.4621369628328496     
  -9.4147826954817326E-002
  -1.2179724392513060E-002
   1.8761399894639159E-002
 mu:
   2.2512684472621839E-004
  0.12065529514043671     
   2.5191771190734364     
   5.5028181255788136     
   3.8461429868255630     
   2.2314449208325629     
   1.0000000000000000     
  -2.0984861529598574E-004
  0.12931973728447704     
   2.1273070448600255     
   6.7403794752625341     
   2.5552146396789595     
   2.5695433009751212     
   1.0000000000000000     
  -1.7542535498833711E-004
 -0.10338018796877335     
 -0.18211057888302107     
   12.087764458643761     
  -1.2434514475787644     
   3.8142034088952492     
   1.0000000000000000     
   2.4048954702366205E-004
   8.8869440935311711E-002
   2.5367699027169284     
   5.4824812452317691     
   3.6847888023057487     
   2.2858985757394974     
   1.0000000000000000     
  -2.3744239035130747E-004
  -5.8410292743022320E-002
   4.4318738838370662     
 -0.22806666812905302     
   9.0452201937377747     
  0.93727460774701421     
   1.0000000000000000     
  -1.8863927712913658E-004
  -9.3241284932927229E-002
  -2.5567335709026260     
  -2.2049161317271078     
   2.9872619786688999     
 -0.20876920349908917     
   1.0000000000000000     
  -1.9143479103636416E-004
  -8.4624737629242969E-002
   1.2301946051065598     
   6.6488637775503845     
   4.7006340767123156     
   2.4895998185851753     
   1.0000000000000000     
 wr:
 -0.58478703948313249     
  -2.2424571706072260E-003
  -1.5874886254769789     
  -1.9274057899821076E-004
  -4.0135130528264340E-002
  -3.8838259266728889E-002
 wi:
   0.0000000000000000     
   0.0000000000000000     
   0.0000000000000000     
   0.0000000000000000     
   0.0000000000000000     
   1.5669147712720135     
 energy:
  -2.1609535316090888E-004
 coherence:
  -8.1604020680003872E-002
