 alpha:
  0.87000000000000000     
 delta:
  0.13452400000000000     
 a:
   1.0000000000000000     
 npol:
           7
 nc:
           1
 c:
 -0.33002293312367009     
 -0.11182134217338163     
  -6.5684583042142655E-002
  -1.6276358329747680     
  -5.4657224077792770E-002
  -3.0715239889091143E-002
 -0.16158766051496248     
 mu:
  -1.0113189360080573E-003
  0.17427810007506025     
   2.4434107232527347     
   4.5455897081366068     
   4.5182341947741742     
   2.9372855532869959     
   1.0000000000000000     
  -1.0963945727622808E-003
 -0.13848870176138409     
  -1.8669316297690151     
   8.7552359230040171     
  0.65438866638627058     
   4.3892320632251698     
   1.0000000000000000     
  -1.0201622740660166E-003
 -0.15241252742290776     
  -2.2542006727026891     
  -4.2584362239112128     
 -0.24918310721790030     
  -1.3356542026030505     
   1.0000000000000000     
   1.1220374497134128E-003
  0.14737402000159952     
   2.4534689614555010     
   4.8516166269688483     
   4.1984390912220118     
   2.9991885890880452     
   1.0000000000000000     
   1.1528603320027759E-003
 -0.15769880381253867     
  0.92523722019268950     
   10.034345497997148     
  0.42783728216016459     
   4.3031180526154671     
   1.0000000000000000     
   1.0585359097552603E-003
  -1.6423597151713605E-002
  -2.5846149215000800     
 -0.50846401747611703     
  0.62092370008306819     
  0.99232523788513938     
   1.0000000000000000     
  -1.0853119481918827E-003
 -0.12603398296158794     
   3.6828606096987566     
   3.2059135473117597     
   5.3747873343917583     
   2.5773496398795110     
   1.0000000000000000     
 wr:
  -6.1571091063280514E-002
  -8.3070193973103779E-003
  -1.7645760531390939     
  -5.8240450045837777E-004
 -0.75728948063711998     
 -0.20980165684978064     
 wi:
   0.0000000000000000     
   0.0000000000000000     
   0.0000000000000000     
   0.0000000000000000     
   0.0000000000000000     
   1.2493380603052147     
 energy:
  -6.2643627649537365E-003
 coherence:
 -0.19065909268195425     
