 alpha:
  0.75000000000000000     
 delta:
  0.12000000000000000     
 a:
   1.0000000000000000     
 npol:
           7
 nc:
           1
 c:
 -0.58328803122664263     
 -0.15087574054147326     
  -7.5226389129040741E-002
 -0.10432549013613782     
  -1.8942909782224695     
  -5.0216050320752756E-002
 -0.24502338380148564     
 mu:
  -1.8301536977931832E-003
  0.27655272417700910     
   2.2662344865823569     
   6.5491621505711715     
   4.5601589207729996     
   3.4330941567148017     
   1.0000000000000000     
  -2.4131238889501523E-003
 -0.17636696232152499     
  -2.0447473157532521     
   9.1421103850188015     
   2.1492144061330993     
   4.5270526095605099     
   1.0000000000000000     
  -2.0245276892144619E-003
 -0.21963449251768932     
  -2.2902115738893034     
  -5.7666586268574758     
 -0.45167878758609215     
  -1.2030901160051264     
   1.0000000000000000     
   2.4057042394508110E-003
 -0.26388462302387905     
   2.0269588326145391     
   8.8683267725139245     
   3.5383756275641058     
   4.0163267621959289     
   1.0000000000000000     
   2.5246702620793518E-003
  0.19753726740570157     
   2.6942741091577234     
   5.7939856107479324     
   5.1536398312671272     
   3.2705856979164620     
   1.0000000000000000     
   2.1826454557722650E-003
  -2.7904725465218872E-002
  -2.8118080607217992     
 -0.61636603363480547     
   1.3932716444354818     
   1.5191981970072777     
   1.0000000000000000     
  -2.3972156520874741E-003
 -0.13841148132216166     
   4.4128159361662247     
   3.0182118525191206     
   7.1703840888218542     
   2.6373266662530725     
   1.0000000000000000     
 wr:
  -8.0710175674681695E-002
  -1.2934361948417794E-002
  -1.9022870056118917     
  -1.5413335978751719E-003
 -0.60353803012853358     
 -0.35103605912818364     
 wi:
   0.0000000000000000     
   0.0000000000000000     
   0.0000000000000000     
   0.0000000000000000     
   0.0000000000000000     
   1.3199025698399420     
 energy:
  -7.3372278713881084E-003
 coherence:
 -0.24251123571082472     
