 alpha:
  0.50000000000000000     
 delta:
   7.4999999999999997E-002
 a:
   1.0000000000000000     
 npol:
           7
 nc:
           1
 c:
  -8.3738085653712713E-002
 -0.36163742438188318     
  -2.5218067306396558E-002
 -0.85466497186520507     
  -3.0997926509050103E-002
  -6.5895704458260679E-002
 -0.19256391053158969     
 mu:
  -1.3180664510782168E-003
  -9.3546860698697776E-002
  -1.6915162072152929     
   9.6826767241009630     
  -3.2437999811612071E-002
   3.2380960067991831     
   1.0000000000000000     
  -1.0673935094564612E-003
  0.16684887813976712     
   1.8236017923684791     
   5.3219915353280518     
   3.2908872538255829     
   2.1509899253524805     
   1.0000000000000000     
   1.0035770906975609E-003
   4.2179234113817070E-002
  -2.5565473628719211     
  0.61170953003519546     
   1.7195727591519165     
  0.68568086121020333     
   1.0000000000000000     
   1.3476479636375463E-003
  0.11306911378966757     
   2.2081308803015913     
   4.8446057793695028     
   3.4737037398622777     
   2.0966106116035030     
   1.0000000000000000     
  -7.8427355455971948E-004
 -0.13995281986407451     
  -1.7873836167006938     
  -5.1773055957998322     
   2.0462825233609769     
  -1.6505122060293675     
   1.0000000000000000     
   1.6377649889781547E-003
 -0.15431693720168782     
  0.77874594091165306     
   9.0938628640465886     
  0.68199800851002657     
   3.0105518371265081     
   1.0000000000000000     
  -8.4989355938087344E-004
 -0.10151388964654307     
   3.6426653866956342     
   2.4519784190048779     
   5.0359923237086743     
   1.6447979451271018     
   1.0000000000000000     
 wr:
 -0.55175617793549880     
  -1.2275344469162675E-002
  -1.4179364922033142     
  -3.0603827391850122E-003
  -4.8523377903680005E-002
  -3.8615109915775978E-002
 wi:
   0.0000000000000000     
   0.0000000000000000     
   0.0000000000000000     
   0.0000000000000000     
   0.0000000000000000     
   1.5397343004359674     
 energy:
  -8.1357530569924081E-003
 coherence:
 -0.35822464894964928     
