 alpha:
  0.50000000000000000     
 delta:
   2.0000000000000000E-002
 a:
   1.0000000000000000     
 npol:
           7
 nc:
           1
 c:
  0.19564838737262569     
 -0.43345671988376372     
  -2.4448862550973584E-002
  -1.9701920450073109     
  -2.0602715432333853E-002
  -5.1878903311594116E-002
 -0.17490821096873563     
 mu:
   3.8663183305462216E-004
   9.2087298716332019E-002
   2.2988669370469608     
   6.2567392135489346     
   2.6929898288049654     
   2.5323668625842068     
   1.0000000000000000     
  -3.5201826678560864E-004
  0.13505524353422288     
   1.9715364985733728     
   6.6350348216424830     
   2.5454425852917133     
   2.5286743770058941     
   1.0000000000000000     
   4.2329758616338340E-004
  -9.2188538806562539E-002
  -1.1142543163102454     
   11.065521819679960     
  -1.8369808134159484     
   3.4637463306822220     
   1.0000000000000000     
   3.7266974708550881E-004
   9.0625785269219009E-002
   2.4370056297528229     
   5.4292210572518043     
   3.6121898289630949     
   2.2653235907776677     
   1.0000000000000000     
  -2.7320205643456677E-004
  -8.8366729387734350E-002
  -2.4195574628954244     
  -4.3072727282913803     
   3.5337301942434127     
 -0.84206647592725803     
   1.0000000000000000     
  -4.0493804166148891E-004
  -9.8478467584039844E-002
  -1.0890994198677999     
   13.250695731836776     
  -2.8173261944198420     
   4.0618105797131765     
   1.0000000000000000     
  -2.6185798156775828E-004
  -6.7014262739148914E-002
   4.0726543029111824     
   1.2246540799653287     
   7.3626713882366817     
   1.3201133397457339     
   1.0000000000000000     
 wr:
 -0.57788977083703463     
  -3.6372039759513530E-003
  -1.5492056710216211     
  -5.2057495426519745E-004
  -3.8423698570680190E-002
  -4.4374965002563084E-002
 wi:
   0.0000000000000000     
   0.0000000000000000     
   0.0000000000000000     
   0.0000000000000000     
   0.0000000000000000     
   1.5639936179257488     
 energy:
  -8.4438050750182956E-004
 coherence:
 -0.14907071992856624     
