 alpha:
  0.80000000000000004     
 delta:
  0.23999999999999999     
 a:
   1.0000000000000000     
 npol:
           7
 nc:
           1
 c:
 -0.22205578697776024     
  -8.6260583980905733E-002
  -5.7879939159957330E-002
 -0.75098232388105757     
  -6.2975133393217989E-002
  -3.1382685864268005E-002
 -0.19552390204041714     
 mu:
  -2.8059816668933881E-003
  0.20918516409747751     
   2.3755684407685509     
   3.2010340419344572     
   5.5556836151570623     
   2.8043557067226597     
   1.0000000000000000     
  -3.8162710922893298E-003
 -0.13328373867850951     
  -1.4699868967573293     
   4.6176004532252275     
   2.8147138792524977     
   3.7806597298467661     
   1.0000000000000000     
  -1.8659555403208248E-003
 -0.17295886775078390     
  -2.0683604098067878     
  -4.1006162763473322     
  -1.1885682179876125     
  -1.6223452006984984     
   1.0000000000000000     
   3.0649682518456853E-003
  0.15966172977144286     
   2.1525528063195343     
   4.8089024595656760     
   4.2706393472686184     
   3.0403943078470497     
   1.0000000000000000     
   2.7293903718035939E-003
  -9.0235679446312708E-002
  -2.1900350956947410     
   8.1873478479388666     
   1.4259946897955900     
   4.5207645839683366     
   1.0000000000000000     
   1.9730828591339243E-003
  0.11069711357296352     
  -1.1407650158334577     
  -4.5764659102751608     
  0.88564880087071685     
 -0.65778973704704014     
   1.0000000000000000     
  -1.3876492186998793E-003
 -0.13365556638037415     
   2.4901138522958881     
   5.8295271770850370     
   3.4548560122588210     
   3.0641388821910480     
   1.0000000000000000     
 wr:
  -6.9748128638916621E-002
  -2.1725877642139624E-002
  -1.6274980899834641     
  -5.1172141208177813E-003
 -0.70514413302379730     
 -0.30249806997059403     
 wi:
   0.0000000000000000     
   0.0000000000000000     
   0.0000000000000000     
   0.0000000000000000     
   0.0000000000000000     
   1.2102506075570791     
 energy:
  -2.4496650633150083E-002
 coherence:
 -0.39327472029567084     
