 alpha:
  0.80000000000000004     
 delta:
  0.21114600000000000     
 a:
   1.0000000000000000     
 npol:
           7
 nc:
           1
 c:
  -1.0068633891256724     
 -0.10511799975674690     
  -6.9837463119935703E-002
 -0.29236371066901773     
  -7.3578034097241771E-002
  -3.5074479118600191E-002
 -0.22967425415391660     
 mu:
   5.9545318061758326E-003
  0.26338585912135382     
   2.8756941957242077     
   5.7111524512683580     
   5.4640426065998744     
   3.4741176545986083     
   1.0000000000000000     
  -7.2374184354015176E-003
 -0.20352383341194749     
  -1.7762715398761579     
   6.8300072861461461     
   3.2111859579584778     
   4.4958145047150380     
   1.0000000000000000     
  -3.8763615943837688E-003
 -0.30673316497384240     
  -2.5158105460073625     
  -5.1263475919266304     
  -1.4012445959937341     
  -1.1043351552799521     
   1.0000000000000000     
  -4.9698438104274082E-003
  0.45477406229089956     
   2.0542282644857282     
   6.5252677151221326     
   4.8156144730842421     
   3.6837787788163059     
   1.0000000000000000     
   5.2295626347999800E-003
 -0.27839030094299155     
  -1.5907200695676926     
   9.4938240768322988     
   2.7450304919336390     
   4.9175539774247623     
   1.0000000000000000     
   4.2114331042404736E-003
  0.13703315649746167     
  -2.3816279151462632     
  -3.7442705196269297     
 -0.20959661187305981     
  0.19886949260389880     
   1.0000000000000000     
  -3.3083531081851266E-003
 -0.18571661898958286     
   4.4395061716800628     
   4.2069630794333834     
   6.5855923872884201     
   3.0402102436998142     
   1.0000000000000000     
 wr:
 -0.10489631947975410     
  -2.3611790627661056E-002
  -1.8679858575650066     
  -3.8723520275031342E-003
 -0.71995165229365410     
 -0.39320962393552389     
 wi:
   0.0000000000000000     
   0.0000000000000000     
   0.0000000000000000     
   0.0000000000000000     
   0.0000000000000000     
   1.1992756197705137     
 energy:
  -1.9104272968175521E-002
 coherence:
 -0.35376379367412425     
