 alpha:
  0.80000000000000004     
 delta:
  0.26000000000000001     
 a:
   1.0000000000000000     
 npol:
           7
 nc:
           1
 c:
 -0.22189256788790510     
  -8.8537788708426851E-002
  -5.9674818754451402E-002
 -0.73185186850737127     
  -6.6424928316887774E-002
  -3.4225554695641432E-002
 -0.20494044994763583     
 mu:
  -3.3709933170094899E-003
  0.22557397251997699     
   2.2681343413366246     
   3.1141880356590126     
   5.5114713615717505     
   2.8248850792037872     
   1.0000000000000000     
  -4.7184760603497643E-003
 -0.13546499180547963     
  -1.3752997146604480     
   3.8199636630848950     
   3.0099226616637842     
   3.7105861658996049     
   1.0000000000000000     
  -2.2364349408082267E-003
 -0.18163584686908935     
  -1.9604800644654448     
  -4.1152155246873559     
  -1.3473305607633370     
  -1.7843528047422965     
   1.0000000000000000     
   3.7660820434946203E-003
  0.16636665395297048     
   2.0467508371074739     
   4.7269729465681962     
   4.2831142212201998     
   3.0376505276562744     
   1.0000000000000000     
   3.2937286807017299E-003
  -9.6055724576125545E-002
  -2.0919006544112864     
   7.0147794798296044     
   2.0506424097740390     
   4.4318293930939578     
   1.0000000000000000     
   2.3465563911817069E-003
  0.11299331649603619     
 -0.96817441682683636     
  -4.4856678013911280     
  0.60755443349453508     
 -0.72905422341542148     
   1.0000000000000000     
  -1.6478465661813435E-003
 -0.13013117487333981     
   2.2585946440085407     
   5.9075319113700688     
   3.4454367710030058     
   3.0567405871960087     
   1.0000000000000000     
 wr:
  -7.5041777244169675E-002
  -2.7102302264264688E-002
  -1.5736344064476178     
  -5.9671783621101371E-003
 -0.68455518867315945     
 -0.33186223035193529     
 wi:
   0.0000000000000000     
   0.0000000000000000     
   0.0000000000000000     
   0.0000000000000000     
   0.0000000000000000     
   1.1933037521756831     
 energy:
  -2.8558509359781901E-002
 coherence:
 -0.41882435483683139     
