 alpha:
  0.50000000000000000     
 delta:
   3.5000000000000003E-002
 a:
   1.0000000000000000     
 npol:
           7
 nc:
           1
 c:
  0.13055747570572199     
 -0.37128264717844672     
  -3.2968308403782481E-002
  -1.5048363836845362     
  -2.5109882834955518E-002
  -6.3043781372866370E-002
 -0.20679969209423046     
 mu:
   6.4341168371828000E-004
   9.7188919923460265E-002
   2.2785219170618398     
   5.5685438272937073     
   3.0955019499322858     
   2.5132091181240961     
   1.0000000000000000     
  -6.6276492713248573E-004
  0.15092998583409731     
   1.9004986985585006     
   6.1922113806489349     
   2.7819154297065625     
   2.3877301761127789     
   1.0000000000000000     
   7.1355285363976792E-004
  -6.6967808071655435E-002
  -1.8049041668090284     
   10.083422504106350     
  -1.3125635109333957     
   3.1410063849322447     
   1.0000000000000000     
   6.2901619402236462E-004
   9.5092997943685420E-002
   2.3586986516951529     
   5.2370448932122420     
   3.5842555463235839     
   2.2104904867809210     
   1.0000000000000000     
  -4.2357952116173301E-004
  -9.3298031522382099E-002
  -2.1975327632107691     
  -5.4782493442004618     
   3.3576847435111032     
  -1.3129601294551632     
   1.0000000000000000     
  -6.9046497328368347E-004
 -0.10063164503866003     
  -1.3823963073611438     
   12.048859185104527     
  -1.8780557216721088     
   3.7354053802379905     
   1.0000000000000000     
  -3.2296582953399676E-004
  -8.4057344178324514E-002
   3.7424427296362719     
   2.3950439104433485     
   6.0137859286329052     
   1.5985287677993958     
   1.0000000000000000     
 wr:
 -0.57595578489969002     
  -6.1568818855834984E-003
  -1.4900635635405346     
  -1.1988170786945765E-003
  -3.9641369785860602E-002
  -4.2068902704428396E-002
 wi:
   0.0000000000000000     
   0.0000000000000000     
   0.0000000000000000     
   0.0000000000000000     
   0.0000000000000000     
   1.5616517317888858     
 energy:
  -2.2428985669157449E-003
 coherence:
 -0.22106914192234528     
