 alpha:
  0.75000000000000000     
 delta:
  0.14499999999999999     
 a:
   1.0000000000000000     
 npol:
           7
 nc:
           1
 c:
 -0.53921166204498372     
 -0.14387063613333284     
  -7.2809275537914955E-002
 -0.10471734313706454     
  -1.5661474263315611     
  -5.3048250553581762E-002
 -0.23620656400724524     
 mu:
  -2.4958862969194457E-003
  0.30942734542292843     
   2.1686516628600505     
   6.6663276283909685     
   4.6688342265217377     
   3.4293888920696274     
   1.0000000000000000     
  -3.6492636458234132E-003
 -0.18120575900332606     
  -2.1076912506639043     
   7.6473561918170958     
   3.1424865101928692     
   4.3137945393352615     
   1.0000000000000000     
  -2.7610132573069593E-003
 -0.24985554606340499     
  -2.1596610618845613     
  -6.0916573959179772     
 -0.77538273510272138     
  -1.4696791687216220     
   1.0000000000000000     
   3.4646913911212207E-003
 -0.29047272560259518     
   1.3935436214920838     
   9.5196482355895888     
   3.4689067379389389     
   4.1323283066756442     
   1.0000000000000000     
   3.7274322293066962E-003
  0.21617593119919801     
   2.6265908875455688     
   5.9520019456119915     
   5.2203438087710996     
   3.2668635443003131     
   1.0000000000000000     
   3.0460339138248284E-003
  -5.2534412277045186E-003
  -2.6138916898315498     
  -1.6717373731449372     
   1.5977139996951346     
   1.2719808303579669     
   1.0000000000000000     
  -3.3558567786205469E-003
 -0.14789711366626695     
   4.1809326746805366     
   3.8379885433888639     
   6.6884692664796175     
   2.7347287823772395     
   1.0000000000000000     
 wr:
  -9.5388469051208263E-002
  -1.7491490347097405E-002
  -1.9492182675936092     
  -2.4042137873159786E-003
 -0.50357397860283926     
 -0.36914179348256015     
 wi:
   0.0000000000000000     
   0.0000000000000000     
   0.0000000000000000     
   0.0000000000000000     
   0.0000000000000000     
   1.3561365659118538     
 energy:
  -1.0655224790513899E-002
 coherence:
 -0.28785605757563526     
