 alpha:
  0.50000000000000000     
 delta:
  0.10000000000000001     
 a:
   1.0000000000000000     
 npol:
           7
 nc:
           1
 c:
  -7.6303460025301501E-002
 -0.27103002327559211     
  -1.9727687552853750E-002
 -0.76726412126165633     
  -3.9941592738258987E-002
  -6.9095148187394775E-002
 -0.23026291122516301     
 mu:
  -2.1076655516382922E-003
  -8.8618107083769604E-002
  -1.3848186961516689     
   8.4541816663083171     
  0.52608904844027593     
   3.0539412234183057     
   1.0000000000000000     
  -1.7448570263381793E-003
  0.18932560516150282     
   1.6596259979123387     
   4.9471837256953304     
   3.3933788256316948     
   2.1134982981076322     
   1.0000000000000000     
   9.0126289408235742E-004
  0.10170157477979500     
  -1.8874873782840831     
  -2.8204579146138360     
   1.6812232068775628     
 -0.55302730627042940     
   1.0000000000000000     
   1.6056238207519441E-003
  0.11829079659042302     
   2.0448154298233070     
   4.7384542999551824     
   3.3932560351963508     
   2.0761895363456615     
   1.0000000000000000     
  -8.1719081924793260E-004
 -0.13867720090147070     
  -1.8140744766576533     
  -4.3509664083098842     
   1.9301917724698596     
  -1.3609253206521590     
   1.0000000000000000     
   1.5610196828443241E-003
  -9.4415733807756058E-002
  -1.3556787011924272     
   9.4914565793288475     
  0.40764023472745281     
   3.1798985432648577     
   1.0000000000000000     
  -4.9599048173490183E-004
 -0.11580810012651642     
   3.2691319613976400     
   3.2075167385316306     
   4.3155774076067130     
   1.7604884671142267     
   1.0000000000000000     
 wr:
 -0.52900007300686758     
  -1.5906236454728884E-002
  -1.3728105898565062     
  -4.1813160847569211E-003
  -5.3044123656940952E-002
  -5.2249023030642411E-002
 wi:
   0.0000000000000000     
   0.0000000000000000     
   0.0000000000000000     
   0.0000000000000000     
   0.0000000000000000     
   1.5271393112638276     
 energy:
  -1.3018907513735023E-002
 coherence:
 -0.42085590825536140     
