 alpha:
  0.80000000000000004     
 delta:
  0.21114600000000000     
 a:
   1.0000000000000000     
 npol:
           7
 nc:
           1
 c:
 -0.22471295573386263     
  -8.3842577242559127E-002
  -5.5663653064953654E-002
 -0.79086890567211043     
  -5.8252066214376425E-002
  -2.7843591325721236E-002
 -0.18388253899262832     
 mu:
  -2.0495724222572586E-003
  0.18623168161782364     
   2.4576927717830164     
   3.4972565953434489     
   5.3829863695544384     
   2.8318157110281934     
   1.0000000000000000     
  -2.6351848209730630E-003
 -0.12820916788723671     
  -1.5939239898989370     
   5.9478872020265827     
   2.2667640120834904     
   3.9442433975420572     
   1.0000000000000000     
  -1.3488333945884728E-003
 -0.16020037054255853     
  -2.1728194068418443     
  -4.1312525954715600     
 -0.80998012225276328     
  -1.4204009455817468     
   1.0000000000000000     
   2.1393368318444097E-003
  0.14904646043866393     
   2.2691157788277727     
   4.9112573089457543     
   4.2298147985757231     
   3.0398155930643695     
   1.0000000000000000     
   1.9842092904765827E-003
  -8.4019121086944148E-002
  -2.2573268720588717     
   9.9998892969963915     
  0.21094237313166403     
   4.7313605018866385     
   1.0000000000000000     
   1.4552756128487158E-003
  0.10465625653900480     
  -1.4425189266562495     
  -4.4822285822153667     
   1.2451246287005466     
 -0.51476587106724936     
   1.0000000000000000     
  -1.0242631238539185E-003
 -0.13624646670853607     
   2.8750759909161703     
   5.2922430367351234     
   3.8724004632416551     
   2.9554512258935937     
   1.0000000000000000     
 wr:
  -6.2235889093423223E-002
  -1.6005177831285300E-002
  -1.6855670566045580     
  -3.6764530527404471E-003
 -0.73134225425818622     
 -0.26724889197306501     
 wi:
   0.0000000000000000     
   0.0000000000000000     
   0.0000000000000000     
   0.0000000000000000     
   0.0000000000000000     
   1.2300795240882889     
 energy:
  -1.9103820892161796E-002
 coherence:
 -0.35374227497214000     
