 alpha:
  0.59999999999999998     
 delta:
  0.10000000000000001     
 a:
   1.0000000000000000     
 npol:
           7
 nc:
           1
 c:
  -7.7902074246814348E-002
 -0.32309457941261110     
  -2.2843297621996744E-002
 -0.91079975466018392     
  -4.1916763762421136E-002
  -6.0747925417377356E-002
 -0.21076801528301448     
 mu:
  -1.9345955445103861E-003
  -9.2473627870462025E-002
  -1.5914236221031834     
   8.8552063863065857     
  0.42382487942172603     
   3.1473971177617042     
   1.0000000000000000     
  -1.3357868737621666E-003
  0.19266311027980992     
   1.7661992310677930     
   5.3552054609994650     
   3.2422011177783165     
   2.1884252761938350     
   1.0000000000000000     
   1.0706596790254492E-003
   6.9371268835018027E-002
  -2.2334692019184716     
  -1.5184276841858675     
   1.7756799420851557     
   1.5534267081363490E-002
   1.0000000000000000     
   1.5885276911744976E-003
  0.11878483011511638     
   2.2066711040972637     
   4.8568451877201095     
   3.4897669151684387     
   2.1090091491060354     
   1.0000000000000000     
  -9.1118986735212011E-004
 -0.14427024901171820     
  -1.9357290591859377     
  -4.4948131027268481     
   1.8547732935116807     
  -1.4708761410667117     
   1.0000000000000000     
   1.4991292763471837E-003
 -0.14010960164018693     
 -0.84688877035516996     
   10.210731191440230     
  0.16534830996394803     
   3.2843184355907762     
   1.0000000000000000     
  -8.1365768342608728E-004
 -0.10681808578685752     
   3.4703221245806399     
   3.0993412705434937     
   4.5954559509832027     
   1.7636731914932240     
   1.0000000000000000     
 wr:
 -0.55100537990498832     
  -1.3293638321997592E-002
  -1.4112376665474615     
  -2.8820823975697699E-003
  -5.3679472474851810E-002
  -4.5293057119788115E-002
 wi:
   0.0000000000000000     
   0.0000000000000000     
   0.0000000000000000     
   0.0000000000000000     
   0.0000000000000000     
   1.5358013015961549     
 energy:
  -9.0345317701453695E-003
 coherence:
 -0.32353015558762283     
