 alpha:
  0.29999999999999999     
 delta:
   1.0000000000000000E-002
 a:
   1.0000000000000000     
 npol:
           7
 nc:
           1
 c:
   3.2737280055487990E-002
  0.51607883157964074     
 -0.73160381358514281     
 -0.40621935906318907     
  -7.9695467944792542E-003
  0.15239705003418369     
  -6.8703682115714731E-002
 mu:
  -4.7471697396204049E-004
 -0.11139333143251101     
   3.1774365872596273     
   2.6414343859785161     
   4.6370062013003652     
   1.6956323205755612     
   1.0000000000000000     
   9.9170167616448960E-005
  0.13949027718628584     
   2.7248187038792944     
   4.0861620695312366     
   4.9862009225693438     
   1.6679555252400109     
   1.0000000000000000     
   5.7379017885355905E-004
  0.12178698455246176     
   2.7075213620764385     
   4.4825538002650003     
   4.4055625494877395     
   1.9277804875347779     
   1.0000000000000000     
  -2.5327870719753616E-004
  0.15687076336064318     
   2.5697117362102628     
   4.6009862549892819     
   4.4422657519493081     
   1.8330391700358659     
   1.0000000000000000     
  -3.7280389287382831E-004
 -0.11901492452172278     
  -2.4092395051806879     
   6.1156760318952355     
 -0.19836786549206728     
   1.9101865711268740     
   1.0000000000000000     
   4.8925196476343885E-004
  0.12302684455725035     
   2.8760447032581400     
   3.2731268193271954     
   5.7098739920808832     
   1.7524854288744878     
   1.0000000000000000     
  -4.9265791549808302E-004
 -0.10715933821990646     
   3.4786862426372931     
   3.0275625096195755     
   4.9660806095033871     
   1.7807521796491845     
   1.0000000000000000     
 wr:
 -0.61152039735168928     
  -4.5209608517138289E-003
  -1.5400478213294584     
  -1.1722246423337516E-003
  -4.8856544299860971E-002
   1.1801147290755775E-002
 wi:
   0.0000000000000000     
   0.0000000000000000     
   0.0000000000000000     
   0.0000000000000000     
   0.0000000000000000     
   1.5534978935649966     
 energy:
  -1.0643828719081108E-003
 coherence:
 -0.29732628923837912     
