 alpha:
  0.75000000000000000     
 delta:
  0.17000000000000001     
 a:
   1.0000000000000000     
 npol:
           7
 nc:
           1
 c:
 -0.58040506689568738     
 -0.18877663505603556     
 -0.11967427780418770     
 -0.13285579596291372     
  -1.9605574618792496     
  -5.7471542628980160E-002
 -0.43055727440270375     
 mu:
  -3.2144313956350371E-003
  0.34388405608727468     
   1.6087088672876098     
   5.8292494247321205     
   3.1631754790451510     
   2.8452836333302156     
   1.0000000000000000     
  -4.6137696746781712E-003
 -0.15323475431608280     
  -1.4924541031546448     
   6.9414831075673087     
   1.6666959144856122     
   3.5464170687376750     
   1.0000000000000000     
  -2.4688565931623896E-003
 -0.23180567832731946     
  -2.0391786229963378     
  -4.4825734939575108     
  0.40216349814119029     
  -1.5493250910178695     
   1.0000000000000000     
   3.3818741804162340E-003
 -0.21936985625911465     
  -1.1351515553979139     
   8.8589138422886400     
   1.1068796194208910     
   3.8831170765394196     
   1.0000000000000000     
   3.8035112617264984E-003
  0.19716414668043145     
   2.3706904567779059     
   4.7911198532140622     
   3.9668761082998443     
   2.6146495572958623     
   1.0000000000000000     
   2.7556858989951378E-003
   9.7573695677258473E-002
  -2.1602168619782187     
  -2.8906875935877796     
  0.87639624370402280     
 -0.36899157617773659     
   1.0000000000000000     
  -2.1507971843395630E-003
 -0.14240175576381794     
   3.8652078975462203     
   2.9077769208622692     
   5.3416876814051122     
   2.1643269371672464     
   1.0000000000000000     
 wr:
  -9.6028916010890836E-002
  -1.9489197529397040E-002
  -1.6038764686251858     
  -3.2755464756143438E-003
 -0.58190999643358798     
 -0.17122698592554572     
 wi:
   0.0000000000000000     
   0.0000000000000000     
   0.0000000000000000     
   0.0000000000000000     
   0.0000000000000000     
   1.3716515265950626     
 energy:
  -1.4520839287121553E-002
 coherence:
 -0.33006513260391129     
