 alpha:
  0.80000000000000004     
 delta:
  0.17000000000000001     
 a:
   1.0000000000000000     
 npol:
           7
 nc:
           1
 c:
 -0.26328180568662679     
  -8.4929172236216890E-002
  -5.4472603639108136E-002
 -0.94581505098573071     
  -5.4577198895419704E-002
  -2.5282812344369056E-002
 -0.17079383528229128     
 mu:
  -1.9890834817562534E-003
  0.23675838093361853     
   1.8108228447700800     
   5.0413166085532044     
   4.2233329706695875     
   3.1550331630315505     
   1.0000000000000000     
  -2.8809172508964631E-003
 -0.12386523107653376     
  -1.5650804868838077     
   6.3804540546230308     
   2.2893133276950826     
   4.0673139069870263     
   1.0000000000000000     
  -1.7343642165813453E-003
 -0.17359922694784763     
  -1.9731313437132372     
  -4.1739280987394816     
 -0.72966794267440160     
  -1.1669305990744450     
   1.0000000000000000     
   2.4749105936318844E-003
  0.15204806429790879     
   2.2029677176655511     
   4.6885605391886145     
   4.4985826476968631     
   3.0480396090955644     
   1.0000000000000000     
   2.2087359735814406E-003
 -0.16601467200182421     
  -1.0695491138493260     
   8.9722886057023921     
   1.3862702087459871     
   4.4079069935804345     
   1.0000000000000000     
   1.9214587594373973E-003
   6.4439626241453371E-002
  -1.9164813243239980     
  -3.1610509536670599     
  0.63889994690163987     
  0.14707842118200043     
   1.0000000000000000     
  -1.6249247869130996E-003
 -0.12263412278662499     
   3.2738529101136917     
   3.6859312576354131     
   5.2151215806609779     
   2.7255169672929069     
   1.0000000000000000     
 wr:
  -7.1692292996012832E-002
  -1.7321353414786245E-002
  -1.6391466042458898     
  -2.3548689117440791E-003
 -0.69737314816995044     
 -0.32148650332001549     
 wi:
   0.0000000000000000     
   0.0000000000000000     
   0.0000000000000000     
   0.0000000000000000     
   0.0000000000000000     
   1.2070745034925845     
 energy:
  -1.2451769557553768E-002
 coherence:
 -0.29187386913399749     
