 alpha:
  0.50000000000000000     
 delta:
   7.4999999999999997E-002
 a:
   1.0000000000000000     
 npol:
           7
 nc:
           1
 c:
  0.21703340336338481     
 -0.40339520932300271     
  -4.1028691438651982E-002
 -0.89745339693543180     
  -2.7500514846318439E-002
  -6.8467984204158214E-002
 -0.23097551965922178     
 mu:
  -7.8894020515632175E-004
   7.1351130832876905E-002
   2.2967584885902972     
   5.5205444934569234     
   2.9242384743989631     
   2.0571032659502637     
   1.0000000000000000     
  -1.7010402695678292E-003
  0.15020745933950405     
   2.1100016061694662     
   5.0329940134405220     
   3.4735082278471063     
   2.0858780998243414     
   1.0000000000000000     
   1.6809178655636705E-003
  -1.6684537779069919E-002
  -2.2551063338228565     
   6.2275645737801009     
  0.79116007405879385     
   2.2415106432552725     
   1.0000000000000000     
   1.5792944338471715E-003
  0.12061393858767354     
   2.2038175398112294     
   5.1128571972332191     
   3.5210456591103623     
   2.1729198576171571     
   1.0000000000000000     
  -9.9756832629248316E-004
 -0.12293356671862052     
  -1.8081314913511453     
  -6.5169787101180807     
   2.2779388157009799     
  -2.0420639444826612     
   1.0000000000000000     
  -1.8389312180301022E-003
 -0.11348917487816558     
  -1.7174112658827647     
   9.1964793764289627     
  0.24504124356452076     
   3.2321110598397991     
   1.0000000000000000     
  -2.8593361664252810E-004
 -0.11828929125063155     
   2.9824380588822046     
   4.9191352164390070     
   3.6187309116413413     
   2.1082847697180029     
   1.0000000000000000     
 wr:
 -0.54807440635543081     
  -1.5604295863682505E-002
  -1.4357673695114048     
  -3.6842963285621359E-003
  -4.6113803238023526E-002
  -6.1791424332165251E-002
 wi:
   0.0000000000000000     
   0.0000000000000000     
   0.0000000000000000     
   0.0000000000000000     
   0.0000000000000000     
   1.5465805296117294     
 energy:
  -8.1338084024673036E-003
 coherence:
 -0.35820816768528674     
