 alpha:
  0.59999999999999998     
 delta:
  0.12500000000000000     
 a:
   1.0000000000000000     
 npol:
           7
 nc:
           1
 c:
  -7.1239258590410220E-002
 -0.24444864961405785     
  -2.0126367550991259E-002
 -0.73036136762843029     
  -4.0803857168354413E-002
  -5.8760900978531601E-002
 -0.19976791976818464     
 mu:
  -2.6448851598422757E-003
  -9.9229242059216780E-002
  -1.4217591449131985     
   7.5396979959046488     
   1.2931715988666079     
   2.9154742509330118     
   1.0000000000000000     
  -1.9989906081672379E-003
  0.21491206712641986     
   1.6919475704740614     
   5.0054308654932678     
   3.4117186472200025     
   2.1565661400622878     
   1.0000000000000000     
   1.3070808441841099E-003
   9.2947793256235617E-002
  -1.6806637193206437     
  -3.7629212999613961     
   2.5232737456617746     
 -0.88669904079404327     
   1.0000000000000000     
   2.0760964562658414E-003
  0.12861860500309549     
   2.1037739673108824     
   4.7722978974783192     
   3.4873565673452394     
   2.0983694002754167     
   1.0000000000000000     
  -1.1624504025936242E-003
 -0.15156181293662779     
  -1.8747691005543969     
  -4.4307309242117503     
   1.5251501628471200     
  -1.5491205062119142     
   1.0000000000000000     
   1.8657675423947421E-003
 -0.10949785163600644     
  -1.5684642073155610     
   9.7186677688896577     
  0.11266680960034217     
   3.3830811181033673     
   1.0000000000000000     
  -8.2426744578360854E-004
 -0.11673762647358871     
   3.1775907397844416     
   3.7148480401785982     
   4.0858414473433804     
   1.8539846251645977     
   1.0000000000000000     
 wr:
 -0.53345554795006689     
  -1.7596080664539882E-002
  -1.3706213249521428     
  -4.0458390338037054E-003
  -5.8826539269341879E-002
  -6.2920000893020939E-002
 wi:
   0.0000000000000000     
   0.0000000000000000     
   0.0000000000000000     
   0.0000000000000000     
   0.0000000000000000     
   1.5288391988694265     
 energy:
  -1.3419733903111190E-002
 coherence:
 -0.37682451066490930     
