 alpha:
  0.59999999999999998     
 delta:
  0.14999999999999999     
 a:
   1.0000000000000000     
 npol:
           7
 nc:
           1
 c:
  -6.6159756955056104E-002
 -0.20761420259025617     
  -2.0420316021929431E-002
 -0.60284565827187953     
  -3.8501159161966995E-002
  -5.6868779090678369E-002
 -0.18089688776679236     
 mu:
  -3.3285929121139543E-003
 -0.10603103694435659     
  -1.3577504379041969     
   6.3385046389955493     
   1.9006221101144247     
   2.7459332509160510     
   1.0000000000000000     
  -2.5605725224351178E-003
  0.22073491464941833     
   1.7626030107058677     
   4.3675330977720330     
   3.8195452238126291     
   2.0502963098449221     
   1.0000000000000000     
   1.5155148824675039E-003
  0.10464432661630121     
  -1.3709020334826421     
  -4.2249753891320401     
   2.3874412038671280     
  -1.1374255673702358     
   1.0000000000000000     
   2.5714473473737809E-003
  0.14089086547562515     
   2.0051472020600296     
   4.7077164135926814     
   3.4307533235397849     
   2.0904246482154889     
   1.0000000000000000     
  -1.3711820532291538E-003
 -0.16322763996719020     
  -1.7975029076741451     
  -4.4599120253983138     
   1.2238252443939379     
  -1.7398285404534113     
   1.0000000000000000     
   2.2993193595062960E-003
  -9.5982586550180424E-002
  -1.7574388372355982     
   8.7809670943049341     
  0.67128157053796000     
   3.2836564885933623     
   1.0000000000000000     
  -8.6688204432245263E-004
 -0.12864702201004372     
   2.9121746193078075     
   4.2654568295371993     
   3.5651108465711903     
   1.9359551301458484     
   1.0000000000000000     
 wr:
 -0.51504230784553673     
  -2.1080131248311762E-002
  -1.3324808751315078     
  -5.2703231271958965E-003
  -6.7173071838067158E-002
  -7.5581769798000339E-002
 wi:
   0.0000000000000000     
   0.0000000000000000     
   0.0000000000000000     
   0.0000000000000000     
   0.0000000000000000     
   1.5207775411699420     
 energy:
  -1.8426949118166069E-002
 coherence:
 -0.42328404311092993     
