 alpha:
  0.50000000000000000     
 delta:
   5.0000000000000003E-002
 a:
   1.0000000000000000     
 npol:
           7
 nc:
           1
 c:
  -7.9742119916775961E-002
 -0.48070604025882607     
  -2.3877034225376390E-002
  -1.0605081355162587     
  -2.6801681966570796E-002
  -7.9274787282597417E-002
 -0.16456948286859577     
 mu:
  -8.7520178552035605E-004
 -0.11624572270584610     
  -1.4091355109562280     
   10.328461696111150     
  0.35195365045555155     
   2.9809389033277354     
   1.0000000000000000     
  -6.9567122051610497E-004
  0.16266098712952401     
   1.9927013394758457     
   5.7162806725274891     
   3.0302189165465401     
   2.2226241707025487     
   1.0000000000000000     
   9.2551564302576514E-004
  -9.6580162591240939E-003
  -2.7643346925177186     
   3.1780470620546377     
   1.5351235158039878     
   1.1967010614413527     
   1.0000000000000000     
   1.0603549530679142E-003
  0.11465902357050095     
   2.3560200310172488     
   4.9957831555199466     
   3.5234155660184028     
   2.1090164628591377     
   1.0000000000000000     
  -7.5164366169263295E-004
 -0.12638482663722814     
  -2.1553844369061830     
  -4.0829499181014990     
  0.21300744085173420     
 -0.72339091988105031     
   1.0000000000000000     
   1.0959583029599076E-003
 -0.16841255583578010     
   2.8174226687017496     
   5.8603804775961548     
   2.7615081287267551     
   2.4662217004686222     
   1.0000000000000000     
  -9.8134354710581006E-004
  -7.7586209069569090E-002
   3.8750086797340386     
   1.9048052802004225     
   5.6449084843379369     
   1.5834269093439686     
   1.0000000000000000     
 wr:
 -0.57598405309970380     
  -8.2713887577449130E-003
  -1.4641793039598325     
  -1.8522481346042556E-003
  -4.8537309007799206E-002
  -1.7283424083933518E-002
 wi:
   0.0000000000000000     
   0.0000000000000000     
   0.0000000000000000     
   0.0000000000000000     
   0.0000000000000000     
   1.5492496903219892     
 energy:
  -4.1286407584977553E-003
 coherence:
 -0.27964520183747088     
