 alpha:
  0.80000000000000004     
 delta:
  0.14999999999999999     
 a:
   1.0000000000000000     
 npol:
           7
 nc:
           1
 c:
 -0.29414550622490088     
  -8.4937607770973894E-002
  -4.5345656406977811E-002
 -0.99533970248752190     
  -5.6001661501478339E-002
  -2.9768386568017932E-002
 -0.13122328018329862     
 mu:
  -1.9267091590968463E-003
  0.24415751184477760     
   1.8757577418783544     
   5.1454692046433355     
   4.2211233535585260     
   3.1729688568683891     
   1.0000000000000000     
  -2.5929345352868650E-003
 -0.15413531485665224     
  -1.6923354996965303     
   6.3266829168047449     
   2.2854505819343882     
   4.1634024108727621     
   1.0000000000000000     
  -2.1372144788336235E-003
 -0.19587724567622700     
  -1.8570658879958286     
  -4.6721082096974467     
 -0.94936717015764904     
  -1.5742762114809132     
   1.0000000000000000     
   2.6634552198389707E-003
  0.17649570706978557     
   2.1849350801342697     
   4.6772251404415881     
   4.6031256297737766     
   3.0552515860748186     
   1.0000000000000000     
   2.4924916988807158E-003
 -0.22741898961523141     
   1.2160117332821594     
   7.6711422721436628     
   3.0234068021472873     
   3.8771021756690991     
   1.0000000000000000     
   2.2759687137351740E-003
  -1.6024356021199785E-002
  -2.1678361035723701     
  -1.2178673329629659     
  0.73681817994123955     
   1.1117840833245860     
   1.0000000000000000     
  -2.5063190076818295E-003
 -0.12396425001827829     
   3.4380954268311603     
   2.9376674158623346     
   5.9079712572792538     
   2.5652211918433987     
   1.0000000000000000     
 wr:
  -8.9316005091749084E-002
  -1.5844884911023316E-002
  -1.6099474171200328     
  -1.7492611728335827E-003
 -0.67431884680859910     
 -0.34696981127111509     
 wi:
   0.0000000000000000     
   0.0000000000000000     
   0.0000000000000000     
   0.0000000000000000     
   0.0000000000000000     
   1.2031440180524693     
 energy:
  -9.6938958593201160E-003
 coherence:
 -0.25949741053878789     
