 alpha:
  0.80000000000000004     
 delta:
  0.21114600000000000     
 a:
   1.0000000000000000     
 npol:
           7
 nc:
           2
 c:
 -0.92459626843202281     
 -0.24738015255828610     
  0.69843886970106817     
 -0.59355266116672667     
  0.31199683160712122     
 -0.45388287827495966     
  -1.9999731872989521     
 mu:
  -7.8699987620183126E-003
  0.22771978789429645     
   4.5609003654212481     
   6.5267848238926200     
   8.0312515207666220     
   3.9971089947091798     
   1.0000000000000000     
  -8.1525970580735383E-003
 -0.31237260381638637     
  -2.8806920288052686     
  -4.1796333030501716     
 -0.85737904524770547     
   1.1170272287766752     
   1.0000000000000000     
   1.0630570686834557E-004
 -0.22892994994895111     
  -1.8956159843642375     
   2.3343676384607717     
   2.3497202011872091     
   2.7636044753761841     
   1.0000000000000000     
   3.6457548317028695E-003
 -0.17675660069178994     
  -2.1131561568588584     
   1.7377406239941053     
   2.2769292972322965     
   2.7409866331007700     
   1.0000000000000000     
  -6.5255234471594068E-003
  0.19791036843321161     
   5.0289632891896225     
   6.8013056374239884     
   6.5020541597534649     
   4.0117518296331962     
   1.0000000000000000     
  -6.3184043880975625E-003
 -0.31222360881257966     
 -0.50261815417314570     
   9.2262631073136649     
   6.1824772786276352     
   4.8585330521874397     
   1.0000000000000000     
   1.0276054337453643E-002
  0.34728668976954874     
   3.3107408248280441     
   7.7843725095380911     
   8.0742567113202401     
   4.3256428075285518     
   1.0000000000000000     
 wr:
  -8.6016311258254610E-002
  -5.3600936410490470E-003
  -4.2948655901403288E-002
  -1.2284004947529132     
 -0.85460075013859893     
 wi:
   0.0000000000000000     
   0.0000000000000000     
   0.0000000000000000     
  0.92251960738303296     
  0.58119195235755239     
 energy:
  -1.9073998647289741E-002
 coherence:
 -0.35378612962177386     
