 alpha:
  0.75000000000000000     
 delta:
  0.22000000000000000     
 a:
   1.0000000000000000     
 npol:
           7
 nc:
           1
 c:
 -0.60110661425229717     
 -0.22682727871360153     
 -0.14645595974167952     
 -0.17248965084909776     
  -1.9543577779625265     
  -8.0982729540258230E-002
 -0.54365814254886446     
 mu:
  -3.6711246061790202E-003
  0.28593355702629908     
   1.8280280376526041     
   4.3061921006369017     
   4.2843800777937835     
   2.7702489722173436     
   1.0000000000000000     
  -4.9992446374033262E-003
 -0.13883885811350224     
  -1.3523653953602774     
   4.8162702301139637     
   2.6127670210324663     
   3.4624153817050449     
   1.0000000000000000     
  -2.3638621489749274E-003
 -0.20493945527655483     
  -1.8735184722049694     
  -4.3894448158915234     
 -0.35073822026114965     
  -1.7763171339583006     
   1.0000000000000000     
   3.5620703232396092E-003
 -0.13760764433108197     
  -1.7886843607191496     
   7.5518720570005451     
   1.7126435512018539     
   4.0476477844394800     
   1.0000000000000000     
   3.9933809749194719E-003
  0.17957661169480571     
   2.0641416525004881     
   4.7771134846208554     
   3.9271972139537557     
   2.7820887326272414     
   1.0000000000000000     
   2.5406404534359379E-003
  0.11499753740991443     
  -1.3269007910732291     
  -3.9629203965063442     
  0.75643668719614976     
 -0.66272317559918059     
   1.0000000000000000     
  -1.7733740078351950E-003
 -0.13642445888217269     
   2.8206384702643228     
   4.6945288799405755     
   4.0104002570202413     
   2.5980671694298207     
   1.0000000000000000     
 wr:
  -9.3196581683591934E-002
  -2.4814113228251111E-002
  -1.6841697508536615     
  -5.3050919675945996E-003
 -0.51756492318487402     
 -0.23110199961001729     
 wi:
   0.0000000000000000     
   0.0000000000000000     
   0.0000000000000000     
   0.0000000000000000     
   0.0000000000000000     
   1.3110533373399011     
 energy:
  -2.3735500849732048E-002
 coherence:
 -0.40507863038095787     
