 alpha:
  0.59999999999999998     
 delta:
  0.20000000000000001     
 a:
   1.0000000000000000     
 npol:
           7
 nc:
           1
 c:
  -7.0343187893221207E-002
 -0.19724328454243853     
  -2.5287780798135578E-002
 -0.53429368183406156     
  -4.1797954371081150E-002
  -6.4422206162442916E-002
 -0.18403331859415792     
 mu:
  -5.3113429433418432E-003
 -0.11461004880609811     
  -1.2664782493530335     
   4.5338655089631237     
   2.5209723995699256     
   2.5533897374253174     
   1.0000000000000000     
  -3.9779383154656131E-003
  0.24395381326875529     
   1.7640776415881345     
   3.7404602029775362     
   4.0391646251829068     
   1.9972300818043995     
   1.0000000000000000     
   2.1803161881220599E-003
  0.11719290661041271     
 -0.89251060946830840     
  -4.6037507789332057     
   2.0644540680616608     
  -1.5109917465148732     
   1.0000000000000000     
   4.0574848848462892E-003
  0.16293433704701660     
   1.8729519485674213     
   4.5089100810970981     
   3.3979326847914892     
   2.0695176787398140     
   1.0000000000000000     
  -2.0229934144549702E-003
 -0.18776134331112007     
  -1.6649895285956886     
  -4.4775000518967181     
  0.80129366266343605     
  -2.1232337105385564     
   1.0000000000000000     
   3.5045018009898050E-003
  -8.6310244903219563E-002
  -1.8303611443841148     
   6.8290566627436595     
   1.6541135377775100     
   3.1222122558037491     
   1.0000000000000000     
  -1.0876562714813587E-003
 -0.14418533765141198     
   2.4448604729434904     
   4.9957247447452620     
   2.9592759358566898     
   2.0082302533878154     
   1.0000000000000000     
 wr:
 -0.48290844855036702     
  -3.1942997879983670E-002
  -1.2654041557739617     
  -8.0634932680508573E-003
  -8.2587142306958933E-002
 -0.10005846755176007     
 wi:
   0.0000000000000000     
   0.0000000000000000     
   0.0000000000000000     
   0.0000000000000000     
   0.0000000000000000     
   1.5003650362192482     
 energy:
  -3.0010060833211422E-002
 coherence:
 -0.50021085499039064     
