 alpha:
  0.75000000000000000     
 delta:
  0.22000000000000000     
 a:
   1.0000000000000000     
 npol:
           7
 nc:
           1
 c:
 -0.61331174515966658     
 -0.22622978076118597     
 -0.14706091229609158     
 -0.17389006569136592     
  -1.9650603042224120     
  -8.1007971381755028E-002
 -0.54121325943835463     
 mu:
  -4.1779945900409961E-003
  0.32361881841864559     
   1.6328131935115449     
   4.7596976306958831     
   3.9321367145938870     
   2.8634775810844553     
   1.0000000000000000     
  -5.9741080947115456E-003
 -0.13840751763524162     
  -1.3683013353074069     
   4.8096090972250591     
   2.5736414423816787     
   3.4820009191584971     
   1.0000000000000000     
  -2.8389193695479184E-003
 -0.22029927098052812     
  -1.8300538428680757     
  -4.4476356197547897     
 -0.38321053452775783     
  -1.7628423116059013     
   1.0000000000000000     
   4.1302335980816238E-003
 -0.16658289806703891     
  -1.5960016934714734     
   7.0851647061446688     
   2.0632150602835448     
   3.9951676717533835     
   1.0000000000000000     
   4.7728098987357250E-003
  0.18757104809624367     
   2.0829776331870189     
   4.6960131470359130     
   4.0213845501190564     
   2.7748837038335061     
   1.0000000000000000     
   3.0621769068977802E-003
  0.11465603698778760     
  -1.3789753204501414     
  -3.8320704810747377     
  0.71139243490363846     
 -0.69120991967691059     
   1.0000000000000000     
  -2.1789796862584743E-003
 -0.13776684753677818     
   2.9119762280136139     
   4.4351783167851648     
   4.2511443674323433     
   2.5594197448734635     
   1.0000000000000000     
 wr:
  -9.9999963879710066E-002
  -2.8012950873657072E-002
  -1.6660199562203566     
  -5.4632077395677103E-003
 -0.50986855728094649     
 -0.24263377885991982     
 wi:
   0.0000000000000000     
   0.0000000000000000     
   0.0000000000000000     
   0.0000000000000000     
   0.0000000000000000     
   1.3057740909049071     
 energy:
  -2.3735537776375687E-002
 coherence:
 -0.40508039894883235     
