 alpha:
  0.84999999999999998     
 delta:
  0.17999999999999999     
 a:
   1.0000000000000000     
 npol:
           7
 nc:
           1
 c:
 -0.50570605370176602     
 -0.16227009458939728     
  -9.2441957490595167E-002
  -1.8142897797842013     
 -0.10104703639472659     
  -5.8582744169286195E-002
 -0.24047775218237458     
 mu:
  -1.5214131648369875E-003
  0.16535771036675578     
   1.7593611893968626     
   4.4865302319872287     
   4.8202196990960413     
   3.1426229192758450     
   1.0000000000000000     
  -2.0548953000888545E-003
 -0.11176867616283795     
  -1.5456353285964193     
   4.2919643657644064     
   3.4830660523211709     
   4.0274197287324895     
   1.0000000000000000     
  -1.6680912504419233E-003
 -0.14361972904214698     
  -1.5958721573799073     
  -4.5283988939614259     
  -1.5062158116417201     
  -1.6528587985309791     
   1.0000000000000000     
   2.0678597747921315E-003
  0.13125341304951185     
   1.8095736578818911     
   4.6562292282271738     
   4.6870392386928232     
   3.1429859801896822     
   1.0000000000000000     
   1.9191764105713350E-003
 -0.14751553629343478     
  0.10182363564116233     
   8.3919414716997931     
   2.6122903764347725     
   4.1800840887021673     
   1.0000000000000000     
   1.7543942461983812E-003
   3.4188270537582515E-003
  -1.5686746967195790     
  -2.6131137441740480     
  0.99923770013026902     
  0.85577571648345230     
   1.0000000000000000     
  -1.9049941313728758E-003
 -0.10235854729928759     
   2.3323418656541612     
   4.6603524479522145     
   4.6432996572574829     
   2.9464434479356512     
   1.0000000000000000     
 wr:
  -7.5732715178358972E-002
  -1.7956116323520344E-002
  -1.6716925495265604     
  -1.8497542253096411E-003
 -0.52240121278141016     
 -0.43751963950583067     
 wi:
   0.0000000000000000     
   0.0000000000000000     
   0.0000000000000000     
   0.0000000000000000     
   0.0000000000000000     
   1.1911018477011766     
 energy:
  -1.2039669442413848E-002
 coherence:
 -0.27150240085680943     
