 alpha:
  0.84999999999999998     
 delta:
  0.17999999999999999     
 a:
   1.0000000000000000     
 npol:
           7
 nc:
           1
 c:
 -0.51122763275281025     
 -0.16346779690627578     
  -9.3052108081367532E-002
  -1.8317791903971272     
 -0.10212868409551981     
  -5.9227752800200650E-002
 -0.24175494613958706     
 mu:
  -1.7173203238249463E-003
  0.18712516439749255     
   1.6902966696070385     
   4.6892260829389123     
   4.7077738886062930     
   3.2134710935552029     
   1.0000000000000000     
  -2.3325122187418299E-003
 -0.12158065650446620     
  -1.5179245747191219     
   4.2464455463150381     
   3.5231560181656052     
   4.0699480416114708     
   1.0000000000000000     
  -1.9035809130273015E-003
 -0.15669395168748168     
  -1.5812829209098536     
  -4.5715051949566794     
  -1.5590941662622122     
  -1.6481054221107634     
   1.0000000000000000     
   2.3528576222217614E-003
  0.14263277889093465     
   1.8186453357104067     
   4.6488216537011589     
   4.7624735321335558     
   3.1677393692576072     
   1.0000000000000000     
   2.1665301546390874E-003
 -0.16762747925088964     
  0.31821711923309887     
   7.8952236824689814     
   3.1182841943713848     
   4.1037333927152586     
   1.0000000000000000     
   1.9986607817801920E-003
  -2.7856373657879786E-003
  -1.6053825142362170     
  -2.4876954385736716     
  0.85343199577994899     
  0.92302029040496469     
   1.0000000000000000     
  -2.1905812018516353E-003
 -0.10511821902189501     
   2.4617720717323244     
   4.3203227317704282     
   5.0175842562125847     
   2.8964343964616988     
   1.0000000000000000     
 wr:
  -8.6325961786650307E-002
  -1.8472982203370569E-002
  -1.6654188098734286     
  -1.8526693352589607E-003
 -0.51353271469081119     
 -0.45373201205366742     
 wi:
   0.0000000000000000     
   0.0000000000000000     
   0.0000000000000000     
   0.0000000000000000     
   0.0000000000000000     
   1.1790278627280850     
 energy:
  -1.2039701961811217E-002
 coherence:
 -0.27150428875222971     
