 alpha:
  0.84999999999999998     
 delta:
  0.23000000000000001     
 a:
   1.0000000000000000     
 npol:
           7
 nc:
           1
 c:
 -0.38213374264618005     
 -0.14302069523204014     
  -9.7830412011605250E-002
  -1.3791619772112926     
  -9.5032909023698695E-002
  -4.8345647302098949E-002
 -0.28860943591475857     
 mu:
  -2.7464766621568405E-003
  0.24785899956467852     
   1.8315106369500098     
   4.7543703018059507     
   5.6553095074019941     
   3.6151940245051035     
   1.0000000000000000     
  -3.9999975350697020E-003
 -0.13143173641162054     
  -1.4078964997291317     
   3.9989992543814510     
   4.3174800686377139     
   4.4294320246401471     
   1.0000000000000000     
  -2.2605645915027206E-003
 -0.18399655940052587     
  -1.8528533828227884     
  -4.5748236921685885     
  -2.2849345663691727     
  -1.0652662497997920     
   1.0000000000000000     
   3.3401874039253759E-003
  0.16361131334811843     
   2.0282223005153805     
   5.0977377341764027     
   5.4649189470645041     
   3.5929512709832192     
   1.0000000000000000     
   2.9306740992127633E-003
 -0.14743725686080233     
  -1.5139859992078299     
   7.0209851045778136     
   3.7862985894143821     
   4.8582134624960354     
   1.0000000000000000     
   2.4376555893206283E-003
   8.5742036349703982E-002
  -1.3604230892980163     
  -4.2214330229829500     
 -0.48536122970451095     
  0.24707719185679150     
   1.0000000000000000     
  -1.9817474629667546E-003
 -0.12422866343788662     
   2.6354187899408386     
   5.2719071266994453     
   5.4550893860961498     
   3.3920648808430185     
   1.0000000000000000     
 wr:
  -8.7987738135709717E-002
  -2.2666476522278711E-002
  -1.7906632537693694     
  -3.4527266575864468E-003
 -0.61113872834735539     
 -0.54678544087613223     
 wi:
   0.0000000000000000     
   0.0000000000000000     
   0.0000000000000000     
   0.0000000000000000     
   0.0000000000000000     
   1.0449189896506674     
 energy:
  -1.9728467423872447E-002
 coherence:
 -0.34243537402595975     
