 alpha:
  0.84999999999999998     
 delta:
  0.25500000000000000     
 a:
   1.0000000000000000     
 npol:
           7
 nc:
           1
 c:
 -0.48183510348417108     
 -0.18759462002543581     
 -0.12984939202896290     
  -1.6835867532390261     
 -0.13046217204286376     
  -6.8155595282631889E-002
 -0.39395418653167086     
 mu:
  -3.8122682558146097E-003
  0.29999803764979943     
   1.9316703187576103     
   4.6178945173793169     
   5.4515995686465040     
   3.5364101252077362     
   1.0000000000000000     
  -5.6157417020176129E-003
 -0.15045061186024533     
  -1.4362431026338855     
   3.9467979764602745     
   3.7806299790608917     
   4.3613187488812315     
   1.0000000000000000     
  -2.9930206144978960E-003
 -0.21734688584885795     
  -1.9663090220453057     
  -4.5035166678239325     
  -2.1934729925504062     
  -1.3500816387839656     
   1.0000000000000000     
   4.6042487928190032E-003
  0.19179493129401951     
   2.1582717820577826     
   5.0286577287295673     
   5.2447392154992567     
   3.5103183012599239     
   1.0000000000000000     
   3.9978994265211813E-003
 -0.16780780090560096     
  -1.6846971914646309     
   6.7878693092733275     
   3.4257176672529863     
   4.8666645984329477     
   1.0000000000000000     
   3.1856390228304637E-003
  0.10784723909584368     
  -1.3501217560778198     
  -4.1442706324998593     
 -0.55327407751596802     
  -4.7653960843433534E-002
   1.0000000000000000     
  -2.4989322418688458E-003
 -0.13996538693461072     
   2.7651165163496918     
   5.2666428165589094     
   5.2324731010579884     
   3.3102998078864623     
   1.0000000000000000     
 wr:
  -9.6046030359418610E-002
  -2.6993175036973072E-002
  -1.7843858101818251     
  -4.4380891964133640E-003
 -0.67050795745375158     
 -0.47289538629173350     
 wi:
   0.0000000000000000     
   0.0000000000000000     
   0.0000000000000000     
   0.0000000000000000     
   0.0000000000000000     
   1.0577470446803789     
 energy:
  -2.4215409917927210E-002
 coherence:
 -0.37515047183415301     
