 alpha:
  0.84999999999999998     
 delta:
  0.25500000000000000     
 a:
   1.0000000000000000     
 npol:
           7
 nc:
           1
 c:
 -0.47770737314021106     
 -0.18773127248053506     
 -0.12986295687400065     
  -1.6829888864877955     
 -0.12999988435499837     
  -6.8178533748205358E-002
 -0.39650724886597544     
 mu:
  -4.0819043957515183E-003
  0.32343813651751213     
   1.8239371569120837     
   4.8723322490482044     
   5.2700139514984752     
   3.5947927689049513     
   1.0000000000000000     
  -6.0202887287553108E-003
 -0.15369045471705176     
  -1.4244748610433298     
   3.9763849932436903     
   3.7849391554152079     
   4.3759434293248969     
   1.0000000000000000     
  -3.2247910602756355E-003
 -0.22651885575502845     
  -1.9500227616560399     
  -4.5349822620515585     
  -2.2067105953833583     
  -1.3340698686158157     
   1.0000000000000000     
   4.9423430125803162E-003
  0.19809253273050795     
   2.1675404926672330     
   5.0072533143530249     
   5.2944556135521772     
   3.5145134336488129     
   1.0000000000000000     
   4.2830505516309979E-003
 -0.18372951387196748     
  -1.5893870522820335     
   6.5646480166625656     
   3.6388451735080785     
   4.8321018843822792     
   1.0000000000000000     
   3.4266208293137288E-003
  0.10861480205726774     
  -1.4017647587252038     
  -3.9929829258454936     
 -0.70359840920982653     
   2.8502102864688375E-003
   1.0000000000000000     
  -2.7018712644109022E-003
 -0.13939223108789769     
   2.8474920267190025     
   5.0505847448766081     
   5.4422720100873319     
   3.2790768736912757     
   1.0000000000000000     
 wr:
 -0.10169505213761626     
  -2.7845421962557459E-002
  -1.7756513064557531     
  -4.4441199137759124E-003
 -0.66507131539650111     
 -0.48116197050076437     
 wi:
   0.0000000000000000     
   0.0000000000000000     
   0.0000000000000000     
   0.0000000000000000     
   0.0000000000000000     
   1.0512489939380494     
 energy:
  -2.4215424245977273E-002
 coherence:
 -0.37515303206675549     
