 alpha:
  0.84999999999999998     
 delta:
  0.28000000000000003     
 a:
   1.0000000000000000     
 npol:
           7
 nc:
           1
 c:
 -0.53769559397077815     
 -0.22183738022797447     
 -0.15420782828958945     
  -1.8583652301677986     
 -0.15828121601430209     
  -8.6518222737708608E-002
 -0.48555823801834719     
 mu:
  -6.8051744777087014E-003
  0.47905942523729833     
   2.3471745950512979     
   6.3022267077281890     
   6.5613249441867083     
   3.8224709155151988     
   1.0000000000000000     
  -9.9972136325663791E-003
 -0.21714138104034950     
  -1.7877786893867988     
   4.5187552769292347     
   5.4115807508063938     
   4.5228467080586148     
   1.0000000000000000     
  -5.1086921949271905E-003
 -0.32889423631380227     
  -2.5173507888439461     
  -6.0623295788126184     
  -2.5642558526744845     
  -1.2441546167043627     
   1.0000000000000000     
   8.1115624948831268E-003
  0.28593528930496748     
   2.8196293629714089     
   6.5706529890537517     
   6.5288513640218095     
   3.7342749524319507     
   1.0000000000000000     
   7.0209520171943193E-003
 -0.25740993898625741     
  -2.1687639007692900     
   7.7446247163039068     
   5.3359203127598986     
   5.0805551472757076     
   1.0000000000000000     
   5.3725781748035530E-003
  0.16158026571424158     
  -1.6848507496686635     
  -5.2947131499010309     
 -0.57282625595288883     
  0.12572718792716292     
   1.0000000000000000     
  -4.1195639472895425E-003
 -0.18880650808072214     
   3.6305723288884755     
   6.7880357464298653     
   6.5806894079399436     
   3.4972779778015108     
   1.0000000000000000     
 wr:
 -0.11940067803094753     
  -5.4822443858543179E-003
  -1.5936669099653207     
  -3.1845707844526616E-002
 -0.62533501142625147     
 -0.69127732874814463     
 wi:
   0.0000000000000000     
   0.0000000000000000     
   0.0000000000000000     
   0.0000000000000000     
   0.0000000000000000     
   1.2087270561996957     
 energy:
  -2.9099323049233346E-002
 coherence:
 -0.40594813031892918     
