 alpha:
  0.84999999999999998     
 delta:
  0.30499999999999999     
 a:
   1.0000000000000000     
 npol:
           7
 nc:
           1
 c:
 -0.53415781045434541     
 -0.23180994347720010     
 -0.16092533482761964     
  -1.8238114715346057     
 -0.16893107488110878     
  -9.6723528991282462E-002
 -0.52493947347519099     
 mu:
  -6.9234280581933483E-003
  0.43116448809065011     
   2.6147608218041056     
   5.7309005555045163     
   7.5967904853882366     
   3.9141436789476685     
   1.0000000000000000     
  -9.9995162554775627E-003
 -0.21255872220206926     
  -1.7181543597632301     
   3.3134906300705769     
   6.3077475491809301     
   4.6111716021491223     
   1.0000000000000000     
  -4.8732272990245030E-003
 -0.30928783385835701     
  -2.4918408505475926     
  -6.3067581075081591     
  -3.3251940150521215     
  -1.2389779649891228     
   1.0000000000000000     
   8.0414776215513416E-003
  0.27431683112997862     
   2.7024954229916109     
   6.9174550899225817     
   6.9799004203324539     
   3.9312081055126802     
   1.0000000000000000     
   6.9913269503954481E-003
 -0.20774002121968937     
  -2.4386053600401589     
   6.6544544092792064     
   6.5394326220316383     
   5.2373520086849226     
   1.0000000000000000     
   5.0701015311685367E-003
  0.16465495663978552     
  -1.2474515066524785     
  -5.8588743038939173     
 -0.87934207648872453     
  0.20014960164819640     
   1.0000000000000000     
  -3.7812518912158912E-003
 -0.17740480283218982     
   3.0197874698993048     
   8.0466802920540630     
   6.4954888003443330     
   3.7949779167129809     
   1.0000000000000000     
 wr:
 -0.11638137365785323     
  -6.5674214661151087E-003
  -1.5603241622202477     
  -3.4407870773360716E-002
 -0.56353408774623348     
 -0.83185907460839092     
 wi:
   0.0000000000000000     
   0.0000000000000000     
   0.0000000000000000     
   0.0000000000000000     
   0.0000000000000000     
   1.1764700136298862     
 energy:
  -3.4356240701420390E-002
 coherence:
 -0.43484398760318360     
