 alpha:
  0.40000000000000002     
 delta:
   2.5000000000000001E-002
 a:
   1.0000000000000000     
 npol:
           6
 nc:
           1
 c:
   2.2677109071021412E-002
  0.16140452541868092     
 -0.26134548411888420     
   1.2551652718884081     
  0.49515949387814362     
   1.6068251263080570E-002
 mu:
  -3.8460596671525966E-002
  -1.8986980114777143     
   4.1742815894812297     
  -3.0030259023493691     
   4.6658167687283685     
   1.0000000000000000     
  -2.1799228250761925E-002
   8.5853827889827462E-003
   9.8073791719173329     
  0.14395323870541560     
   4.9459028864511660     
   1.0000000000000000     
  -4.0047394168117763E-002
   4.2616796205199137     
  -3.3330930013611426     
   7.9231594679651822     
   3.5360905181663491     
   1.0000000000000000     
   2.8056255100483936E-002
   1.6682591914704543     
   4.0797380648841601     
   4.7224561724073313     
   3.7120232400067175     
   1.0000000000000000     
  -3.4598394833842860E-002
   3.7224476236453459     
  -2.1521867860595689     
   8.4523218922737442     
   3.0881910472618626     
   1.0000000000000000     
   5.2777304713763438E-003
  -1.9143523948589154     
  -1.7703629239568930     
  0.47474981208949291     
   1.6886530761728455     
   1.0000000000000000     
 wr:
  -2.2465019955462129E-003
  -1.2386172359150527     
  -1.2942475720218449E-002
  -1.7515324024637571     
 -0.32538631724027001     
 wi:
   0.0000000000000000     
   0.0000000000000000     
   0.0000000000000000     
   0.0000000000000000     
  0.82143425002562320     
 energy:
  -2.2434732384509276E-003
 coherence:
 -0.27901024005479752     
